25,8,464.44,211.89,23.723,66.738,-1,-1,-1,-1
26,8,464.37,213.69,23.929,64.794,-1,-1,-1,-1
27,8,464.6,213.61,23.927,64.916,-1,-1,-1,-1
28,8,464.72,213.46,23.866,66.814,-1,-1,-1,-1
29,8,463.75,211.76,26.067,67.37,-1,-1,-1,-1
30,8,468.87,211.69,21.601,65.298,-1,-1,-1,-1
31,8,465.67,210.84,24.031,66.28,-1,-1,-1,-1
32,8,465.86,210.88,23.994,66.405,-1,-1,-1,-1
33,8,468.08,209.91,25.858,69.244,-1,-1,-1,-1
34,8,469.72,211.61,23.642,68.681,-1,-1,-1,-1
35,8,468.47,211.64,26.034,69.329,-1,-1,-1,-1
36,8,469.42,213.5,23.745,66.938,-1,-1,-1,-1
37,8,468.32,211.6,26.081,69.458,-1,-1,-1,-1
38,8,468.98,211.59,23.52,66.916,-1,-1,-1,-1
39,8,468.12,209.78,25.895,69.242,-1,-1,-1,-1
40,8,469.4,209.05,23.789,68.357,-1,-1,-1,-1
41,8,469.34,209.03,23.745,66.595,-1,-1,-1,-1
42,8,470.14,209.12,23.873,66.231,-1,-1,-1,-1
43,8,470.14,209.12,23.873,66.231,-1,-1,-1,-1
44,8,472.81,208.97,23.858,66.656,-1,-1,-1,-1
45,8,472.75,207.01,26.109,66.849,-1,-1,-1,-1
46,8,473.69,204.62,23.806,68.175,-1,-1,-1,-1
47,8,474.44,204.37,23.628,68.328,-1,-1,-1,-1
48,8,474.55,204.43,23.68,68.256,-1,-1,-1,-1
49,8,474.83,200.96,27.935,74.173,-1,-1,-1,-1
50,8,475.23,201.06,27.911,71.65,-1,-1,-1,-1
51,8,478.42,201.85,25.623,70.858,-1,-1,-1,-1
52,8,479.16,204.45,23.683,68.202,-1,-1,-1,-1
53,8,481.14,203.23,22.12,67.144,-1,-1,-1,-1
54,8,482.63,204.42,23.685,68.211,-1,-1,-1,-1
55,8,482.86,202.69,23.869,70.237,-1,-1,-1,-1
56,8,481.03,194.96,27.099,78.391,-1,-1,-1,-1
57,8,482.39,201.99,25.823,68.924,-1,-1,-1,-1
58,8,483.76,194.25,24.885,77.266,-1,-1,-1,-1
59,8,483.89,196.97,24.754,79.346,-1,-1,-1,-1
60,8,483.83,204.42,23.661,69.813,-1,-1,-1,-1
61,8,487.45,207.06,23.293,70.073,-1,-1,-1,-1
62,8,487.75,207.05,23.412,69.913,-1,-1,-1,-1
63,8,488.4,208.93,23.546,69.686,-1,-1,-1,-1
65,8,494.09,207.19,23.22,71.415,-1,-1,-1,-1
66,8,493.26,209.67,25.29,71.532,-1,-1,-1,-1
67,8,492.94,206.11,30.19,92.973,-1,-1,-1,-1
68,8,493.35,208.35,30.919,92.321,-1,-1,-1,-1
69,8,495.39,203.33,31.975,100.53,-1,-1,-1,-1
70,8,494.76,200.46,34.621,104.53,-1,-1,-1,-1
71,8,492.57,193.04,38.884,110.76,-1,-1,-1,-1
72,8,492.46,193.46,39.691,110.44,-1,-1,-1,-1
74,8,498.73,193.25,39.185,110.35,-1,-1,-1,-1
75,8,507.49,190.13,32.974,109.78,-1,-1,-1,-1
76,8,506.76,189.92,38.765,114.12,-1,-1,-1,-1
77,8,509.79,194.37,43.096,112.62,-1,-1,-1,-1
78,8,510.14,190.99,42.382,116,-1,-1,-1,-1
79,8,512.09,168,47.718,140.15,-1,-1,-1,-1
80,8,511.24,165.37,33.44,112.6,-1,-1,-1,-1
81,8,514.32,194.54,29.457,85.646,-1,-1,-1,-1
82,8,517.08,204.1,27.418,75.847,-1,-1,-1,-1
83,8,518.13,207.61,25.114,74.843,-1,-1,-1,-1
84,8,519.2,207.57,24.978,74.815,-1,-1,-1,-1
85,8,518.9,209.21,27.34,75.56,-1,-1,-1,-1
86,8,520.37,209.88,29.745,77.167,-1,-1,-1,-1
87,8,524.16,212.11,27.19,78.436,-1,-1,-1,-1
88,8,523.94,200.3,31.168,89.697,-1,-1,-1,-1
89,8,528.94,212.04,26.911,78.6,-1,-1,-1,-1
90,8,527.17,198.24,33.816,93.163,-1,-1,-1,-1
91,8,533.81,209.11,27.021,77.669,-1,-1,-1,-1
92,8,534.16,206.97,26.868,80.081,-1,-1,-1,-1
93,8,534.41,207.07,26.915,77.875,-1,-1,-1,-1
94,8,533.29,192.11,33.889,92.982,-1,-1,-1,-1
95,8,540.33,202,26.894,79.739,-1,-1,-1,-1
108,22,550.2,199.51,28.661,83.401,-1,-1,-1,-1
109,22,554.47,199.75,29.072,83.371,-1,-1,-1,-1
110,22,553.03,198.83,31.835,86.865,-1,-1,-1,-1
111,22,555.49,201.74,26.883,81.92,-1,-1,-1,-1
112,22,555.72,201.92,29.167,82.855,-1,-1,-1,-1
113,22,556.39,197.42,28.727,86.245,-1,-1,-1,-1
114,22,551.86,198.97,31.269,84.497,-1,-1,-1,-1
116,22,553.95,196.21,28.788,83.056,-1,-1,-1,-1
117,22,555.34,203.42,26.532,77.627,-1,-1,-1,-1
118,22,554.99,196.14,28.449,85.164,-1,-1,-1,-1
119,22,555.09,198.48,26.504,81.464,-1,-1,-1,-1
120,22,554.92,198.62,26.651,81.43,-1,-1,-1,-1
121,22,551.86,195.34,31.384,86.186,-1,-1,-1,-1
122,22,553.96,196.58,29.277,82.642,-1,-1,-1,-1
123,22,547.78,192.89,31.32,84.152,-1,-1,-1,-1
124,22,551.5,192.88,31.471,86.642,-1,-1,-1,-1
125,22,552.36,192.94,31.598,86.275,-1,-1,-1,-1
126,22,552.61,193.98,33.524,90.18,-1,-1,-1,-1
127,22,550.94,194.26,28.533,85.095,-1,-1,-1,-1
128,22,547.53,194.23,33.608,87.483,-1,-1,-1,-1
129,22,554.08,203.92,29.586,78.832,-1,-1,-1,-1
1,25,455.7,206.4,23.757,64.8,-1,-1,-1,-1
2,25,454.68,206.39,23.708,65.076,-1,-1,-1,-1
3,25,454.51,206.14,23.919,66.724,-1,-1,-1,-1
4,25,454.1,206.65,26.25,67.475,-1,-1,-1,-1
5,25,450.97,210.9,23.922,64.631,-1,-1,-1,-1
6,25,455.06,209.92,21.813,65.617,-1,-1,-1,-1
7,25,454.84,211.68,21.961,64.009,-1,-1,-1,-1
8,25,454.75,213.46,22.562,62.338,-1,-1,-1,-1
9,25,455.1,211.87,22.31,63.797,-1,-1,-1,-1
10,25,455.89,213.33,22.365,63.986,-1,-1,-1,-1
11,25,455.43,213.45,23.95,66.727,-1,-1,-1,-1
12,25,458.08,205.63,25.397,77.652,-1,-1,-1,-1
13,25,460.07,213.67,23.933,66.715,-1,-1,-1,-1
14,25,460.33,213.37,23.668,68.609,-1,-1,-1,-1
15,25,460.91,218.05,23.893,66.565,-1,-1,-1,-1
16,25,464.09,218.49,22.236,65.974,-1,-1,-1,-1
17,25,464.7,215.47,24.74,66.625,-1,-1,-1,-1
337,35,596.77,207.93,21.311,55.834,-1,-1,-1,-1
338,35,592.46,204.84,24.841,59.144,-1,-1,-1,-1
339,35,593.62,204.24,22.101,59.295,-1,-1,-1,-1
340,35,593.42,204.33,22.055,59.019,-1,-1,-1,-1
342,35,592.23,206.07,22.963,56.841,-1,-1,-1,-1
343,35,592.5,204.47,22.883,57.245,-1,-1,-1,-1
344,35,592.72,202.58,20.692,56.403,-1,-1,-1,-1
345,35,592.69,199.91,20.742,56.313,-1,-1,-1,-1
346,35,593.08,196.68,20.141,58.48,-1,-1,-1,-1
347,35,593.09,194.36,20.618,57.684,-1,-1,-1,-1
348,35,592.77,191.98,23.963,63.087,-1,-1,-1,-1
350,35,596.68,202.53,20.545,56.091,-1,-1,-1,-1
352,35,592.14,200.14,22.591,58.255,-1,-1,-1,-1
353,35,593.29,202.16,20.125,58.292,-1,-1,-1,-1
354,35,591.67,204.23,23.052,59.252,-1,-1,-1,-1
355,35,591.82,200.55,20.816,58.115,-1,-1,-1,-1
356,35,593.29,198.48,20.772,57.783,-1,-1,-1,-1
357,35,592.54,198.38,22.432,60.728,-1,-1,-1,-1
358,35,593.57,200.05,20.892,54.65,-1,-1,-1,-1
359,35,593.99,196.72,19.664,56.568,-1,-1,-1,-1
360,35,593.06,195.75,22.357,58.708,-1,-1,-1,-1
362,35,596.29,196.04,20.971,56.02,-1,-1,-1,-1
1,11,228.7,179.19,31.19,103.98,-1,-1,-1,-1
2,11,223.41,176.67,34.754,105.85,-1,-1,-1,-1
3,11,223.62,176.46,34.444,105.84,-1,-1,-1,-1
4,11,223.48,174.71,40.226,113.31,-1,-1,-1,-1
5,11,223.31,177.86,40.51,113.09,-1,-1,-1,-1
6,11,223.45,177.81,40.355,113.43,-1,-1,-1,-1
7,11,222.64,170.48,44.66,123.72,-1,-1,-1,-1
8,11,224.98,171.1,39.218,123.6,-1,-1,-1,-1
9,11,223.41,170.01,42.58,128.5,-1,-1,-1,-1
10,11,221.44,173.45,44.115,124,-1,-1,-1,-1
11,11,223.17,173.47,42.181,128.07,-1,-1,-1,-1
12,11,223.46,178.4,42.227,128.02,-1,-1,-1,-1
13,11,224.06,178.42,42.589,127.78,-1,-1,-1,-1
14,11,224.4,178.12,41.961,131.53,-1,-1,-1,-1
15,11,224.13,178,41.364,134.62,-1,-1,-1,-1
16,11,220.63,173.58,44.718,139.94,-1,-1,-1,-1
17,11,223.47,168.86,43.69,145.44,-1,-1,-1,-1
18,11,219.35,165.84,47.648,151.47,-1,-1,-1,-1
19,11,218.65,165.95,47.919,150.83,-1,-1,-1,-1
20,11,217.93,165.51,46.862,155.14,-1,-1,-1,-1
21,11,211.51,161.24,52.576,160.6,-1,-1,-1,-1
22,11,204.5,158.41,61.921,167.51,-1,-1,-1,-1
23,11,205.37,153,54.164,173.63,-1,-1,-1,-1
24,11,197.52,150.03,59.884,179.98,-1,-1,-1,-1
25,11,194.26,143.69,64.459,191.69,-1,-1,-1,-1
26,11,195.27,144.83,58.272,185.65,-1,-1,-1,-1
27,11,185.58,140.47,67.203,206.21,-1,-1,-1,-1
28,11,182.82,142.26,64.001,201.51,-1,-1,-1,-1
29,11,179.43,135.75,71.906,219.35,-1,-1,-1,-1
30,11,175.62,107.03,78.688,251.07,-1,-1,-1,-1
31,11,169.41,104.92,86.862,253.86,-1,-1,-1,-1
32,11,154.24,110.67,86.549,253.44,-1,-1,-1,-1
33,11,158.37,111.74,81.746,253.39,-1,-1,-1,-1
34,11,137.99,100.41,95.062,298.31,-1,-1,-1,-1
35,11,130.53,103.4,85.824,298,-1,-1,-1,-1
36,11,104.96,80.786,115.45,337.44,-1,-1,-1,-1
37,11,95.458,69.153,109.05,352.55,-1,-1,-1,-1
38,11,80.244,45.024,137.23,400.67,-1,-1,-1,-1
39,11,61.614,45.218,123.41,404.04,-1,-1,-1,-1
40,11,56.306,32.254,131.44,424.26,-1,-1,-1,-1
41,11,23.854,17.974,152.92,435.45,-1,-1,-1,-1
462,20,289.14,215.05,28.401,91.918,-1,-1,-1,-1
463,20,291.18,215.37,30.708,93.09,-1,-1,-1,-1
464,20,293.39,214.59,33.18,95.801,-1,-1,-1,-1
465,20,292.97,214.55,34.589,93.448,-1,-1,-1,-1
466,20,302.92,212.67,30.576,97.096,-1,-1,-1,-1
467,20,305.91,211.86,32.913,99.035,-1,-1,-1,-1
468,20,307.04,211.67,32.782,99.862,-1,-1,-1,-1
469,20,307.37,210.38,38.774,103.85,-1,-1,-1,-1
470,20,315.08,206.3,35.547,108.59,-1,-1,-1,-1
471,20,320.45,205.33,40.436,110.65,-1,-1,-1,-1
472,20,316.15,203.09,44.964,115.06,-1,-1,-1,-1
473,20,321.48,182.55,45.679,136.03,-1,-1,-1,-1
474,20,326.77,202.66,44.874,118.5,-1,-1,-1,-1
475,20,337.02,203.85,37.719,115.8,-1,-1,-1,-1
476,20,344.54,199.97,42.648,121.25,-1,-1,-1,-1
477,20,344.2,197.96,41.46,120.68,-1,-1,-1,-1
478,20,353.39,195.04,39.123,127.63,-1,-1,-1,-1
479,20,351.23,192.04,46.128,134.75,-1,-1,-1,-1
480,20,360.25,191.4,45.775,135.06,-1,-1,-1,-1
481,20,364.76,186.23,49.538,144.54,-1,-1,-1,-1
482,20,370.53,181.87,45.798,141.36,-1,-1,-1,-1
483,20,372.91,179.34,53.057,154.06,-1,-1,-1,-1
484,20,381.74,175.31,53.637,158.57,-1,-1,-1,-1
485,20,378.13,175.83,66.795,167.89,-1,-1,-1,-1
486,20,390,174.5,67.744,177.79,-1,-1,-1,-1
487,20,403.11,174.95,67.778,182.62,-1,-1,-1,-1
488,20,416.54,169.93,66.637,188.37,-1,-1,-1,-1
489,20,418.24,165.78,75.482,206.01,-1,-1,-1,-1
490,20,435.57,162.55,68.028,207.81,-1,-1,-1,-1
491,20,448.78,155.85,68.414,225.59,-1,-1,-1,-1
492,20,464.34,154.61,79.833,241.46,-1,-1,-1,-1
493,20,477.27,149.59,85.983,258.28,-1,-1,-1,-1
494,20,495.89,142.44,92.404,275.41,-1,-1,-1,-1
495,20,514.07,132.68,97.133,295.6,-1,-1,-1,-1
496,20,539.47,123.55,102.17,311.69,-1,-1,-1,-1
175,9,148.92,195.38,26.71,84.668,-1,-1,-1,-1
176,9,148.41,195.67,27.05,84.307,-1,-1,-1,-1
177,9,147.36,195.69,29.62,85.398,-1,-1,-1,-1
178,9,146.74,195.65,29.52,85.442,-1,-1,-1,-1
179,9,147.99,195.26,29.207,85.579,-1,-1,-1,-1
180,9,150.88,197.26,31.771,93.926,-1,-1,-1,-1
181,9,152.67,200.5,26.386,82.461,-1,-1,-1,-1
182,9,152.53,202.78,26.501,80.34,-1,-1,-1,-1
183,9,151.86,205.04,26.938,78.071,-1,-1,-1,-1
184,9,152.6,203.31,24.834,78.886,-1,-1,-1,-1
185,9,152.64,203.06,29.367,80.891,-1,-1,-1,-1
186,9,152,200.03,29.915,82.768,-1,-1,-1,-1
187,9,152.86,203.27,29.145,80.953,-1,-1,-1,-1
188,9,153.1,203.18,29.297,80.724,-1,-1,-1,-1
189,9,158.73,200.64,26.484,82.668,-1,-1,-1,-1
190,9,157.95,199.7,27.279,79.767,-1,-1,-1,-1
191,9,158.56,197.57,26.973,82.266,-1,-1,-1,-1
192,9,157.97,194.56,27.265,79.638,-1,-1,-1,-1
193,9,158.21,197.65,27.206,81.96,-1,-1,-1,-1
194,9,158.7,195.39,28.364,83.611,-1,-1,-1,-1
195,9,157.49,192.01,31.007,89.066,-1,-1,-1,-1
196,9,157.35,191.78,31.528,88.489,-1,-1,-1,-1
197,9,158.48,197.37,29.281,83.022,-1,-1,-1,-1
198,9,158.31,197.59,29.396,82.963,-1,-1,-1,-1
199,9,162.4,202.65,26.793,79.937,-1,-1,-1,-1
200,9,163.54,204.97,27.278,79.979,-1,-1,-1,-1
201,9,163.02,202.47,26.93,82.237,-1,-1,-1,-1
202,9,163.69,202.49,26.299,82.792,-1,-1,-1,-1
203,9,162.92,202.78,26.274,82.781,-1,-1,-1,-1
204,9,159.62,200.85,29.353,85.218,-1,-1,-1,-1
205,9,159.68,200.82,28.366,84.097,-1,-1,-1,-1
206,9,159.68,200.86,28.23,84.033,-1,-1,-1,-1
207,9,163.3,202.76,26.935,79.901,-1,-1,-1,-1
208,9,163.42,202.57,26.778,82.042,-1,-1,-1,-1
209,9,163.58,200.99,28.393,83.509,-1,-1,-1,-1
210,9,163.53,199.64,29.355,82.711,-1,-1,-1,-1
211,9,163.86,197.58,29.551,82.676,-1,-1,-1,-1
212,9,163.71,197.61,28.919,82.819,-1,-1,-1,-1
213,9,164.31,199.23,26.609,81.765,-1,-1,-1,-1
214,9,164.27,197.32,26.656,81.917,-1,-1,-1,-1
215,9,164.5,197.61,29.621,83.025,-1,-1,-1,-1
216,9,164.46,197.28,28.799,85.024,-1,-1,-1,-1
217,9,164.64,197.69,29.686,82.936,-1,-1,-1,-1
218,9,165.22,199.35,26.751,81.729,-1,-1,-1,-1
219,9,168.02,197.41,26.378,84.422,-1,-1,-1,-1
220,9,164.62,197.44,29.576,84.969,-1,-1,-1,-1
221,9,164.62,197.44,29.576,84.969,-1,-1,-1,-1
222,9,163.08,198.57,33.807,86.688,-1,-1,-1,-1
223,9,169.06,197.54,26.382,84.208,-1,-1,-1,-1
224,9,168.69,197.75,26.174,82.417,-1,-1,-1,-1
225,9,168.28,197.36,29.478,85.024,-1,-1,-1,-1
226,9,168.98,195.24,28.843,85.132,-1,-1,-1,-1
227,9,169.67,195.01,28.465,87.648,-1,-1,-1,-1
228,9,169,194.18,31.467,88.324,-1,-1,-1,-1
229,9,170.66,197.42,28.801,84.814,-1,-1,-1,-1
230,9,174.97,197.2,26.378,83.872,-1,-1,-1,-1
231,9,175.79,197.61,29.441,82.806,-1,-1,-1,-1
232,9,179.94,197.42,26.226,84.382,-1,-1,-1,-1
233,9,181.46,194.96,27.883,87.977,-1,-1,-1,-1
234,9,181.22,195.13,28.473,87.847,-1,-1,-1,-1
235,9,181.98,194.99,28.229,87.755,-1,-1,-1,-1
236,9,178.4,193.86,30.187,91.425,-1,-1,-1,-1
173,21,136.53,182.15,44.381,127.38,-1,-1,-1,-1
174,21,131.04,182.71,40.122,119.57,-1,-1,-1,-1
175,21,119.47,182.92,40.993,118.94,-1,-1,-1,-1
176,21,114.29,181.75,39.666,122.94,-1,-1,-1,-1
177,21,111.34,178.51,43.103,128.09,-1,-1,-1,-1
178,21,111.87,178.33,43.357,129.86,-1,-1,-1,-1
179,21,107.23,176.65,49.73,139.79,-1,-1,-1,-1
180,21,102.73,174.74,54.861,173.96,-1,-1,-1,-1
181,21,94.822,165.13,72.509,188.88,-1,-1,-1,-1
182,21,92.684,164.72,72.462,193.83,-1,-1,-1,-1
183,21,91.52,164.82,72.374,193.73,-1,-1,-1,-1
184,21,95.127,168.89,68.904,194.16,-1,-1,-1,-1
185,21,73.921,162,77.62,207.49,-1,-1,-1,-1
186,21,72.185,155.71,76.591,213.14,-1,-1,-1,-1
187,21,70.668,155.88,74.997,214.54,-1,-1,-1,-1
188,21,69.455,163.15,62.702,169.28,-1,-1,-1,-1
189,21,67.779,163.13,62.914,169.36,-1,-1,-1,-1
190,21,64.398,164.68,56.516,168.6,-1,-1,-1,-1
191,21,56.035,158.19,56.958,172.89,-1,-1,-1,-1
192,21,46.895,157.55,62.138,177.02,-1,-1,-1,-1
193,21,45.839,156.58,61.197,183.75,-1,-1,-1,-1
194,21,38.217,145.72,70.676,201.41,-1,-1,-1,-1
195,21,27.397,145.83,70.711,200.68,-1,-1,-1,-1
196,21,23.576,139.5,70.093,213.67,-1,-1,-1,-1
197,21,13.536,138.52,68.694,213.83,-1,-1,-1,-1
198,21,1.4291,135.38,74.187,221.98,-1,-1,-1,-1
199,21,-0.25248,141.94,68.13,220.17,-1,-1,-1,-1
37,36,198.36,197.83,28.243,83.375,-1,-1,-1,-1
40,36,195.7,195.65,25.828,84.508,-1,-1,-1,-1
41,36,194.56,191.48,29.411,92.569,-1,-1,-1,-1
42,36,193.93,192.76,26.363,91.565,-1,-1,-1,-1
43,36,188.69,189.6,29.507,93.502,-1,-1,-1,-1
44,36,186.22,189.31,31.128,93.422,-1,-1,-1,-1
45,36,181.05,187.41,31.764,96.33,-1,-1,-1,-1
46,36,179.9,186.16,33.068,98.008,-1,-1,-1,-1
47,36,179.73,186.76,33.6,97.21,-1,-1,-1,-1
48,36,175.17,185.66,32.511,100.73,-1,-1,-1,-1
49,36,176.44,183.37,31.24,103.04,-1,-1,-1,-1
50,36,173.55,178.87,33.93,107.18,-1,-1,-1,-1
51,36,163.26,173.43,43.093,120.14,-1,-1,-1,-1
52,36,166.42,177.15,36.358,114.81,-1,-1,-1,-1
53,36,163.75,173.67,43.091,122.32,-1,-1,-1,-1
54,36,164.48,177.08,36.498,116.7,-1,-1,-1,-1
55,36,148.76,175.71,49.27,149.68,-1,-1,-1,-1
56,36,149.25,158.76,44.828,137.45,-1,-1,-1,-1
57,36,155.01,173,41.523,127.21,-1,-1,-1,-1
58,36,144.42,167.14,43.311,129.99,-1,-1,-1,-1
59,36,136.14,167.81,45.679,137.29,-1,-1,-1,-1
60,36,139,165.67,40.366,137.87,-1,-1,-1,-1
61,36,138.67,169.37,43.545,139.75,-1,-1,-1,-1
62,36,128.61,163.16,46.182,146.93,-1,-1,-1,-1
63,36,116.35,161.88,49.086,156.09,-1,-1,-1,-1
64,36,110.6,158.8,58.341,162.39,-1,-1,-1,-1
65,36,102.58,149.87,66.927,175.73,-1,-1,-1,-1
66,36,101.53,157.91,56.187,167.92,-1,-1,-1,-1
67,36,103.27,157.31,55.92,167.78,-1,-1,-1,-1
68,36,90.063,150.04,65.934,181.64,-1,-1,-1,-1
69,36,72.834,151.82,59.11,190.02,-1,-1,-1,-1
70,36,63.076,143.71,65.657,197.42,-1,-1,-1,-1
71,36,54.877,140.51,69.767,205.25,-1,-1,-1,-1
72,36,41.131,133.91,70.648,218.97,-1,-1,-1,-1
73,36,40.183,132.42,68.085,224.77,-1,-1,-1,-1
74,36,38.885,124.1,69.121,228.33,-1,-1,-1,-1
75,36,24.28,126.5,71.296,204.83,-1,-1,-1,-1
76,36,16.214,113.84,83.439,269.59,-1,-1,-1,-1
77,36,11.808,108.09,69.504,209.27,-1,-1,-1,-1
488,28,385.85,205.51,31.752,96.682,-1,-1,-1,-1
489,28,390.54,205.66,31.936,96.653,-1,-1,-1,-1
490,28,387.53,203.45,38.271,100.93,-1,-1,-1,-1
491,28,390.74,203.07,34.937,99.651,-1,-1,-1,-1
492,28,391.87,203.02,35.171,99.833,-1,-1,-1,-1
493,28,390.44,203.3,38.066,103.49,-1,-1,-1,-1
494,28,394.29,203.24,37.957,100.57,-1,-1,-1,-1
495,28,396.07,198.94,37.989,103.35,-1,-1,-1,-1
496,28,396.2,198.84,38.024,103.75,-1,-1,-1,-1
497,28,398.35,200.14,34.062,100.32,-1,-1,-1,-1
498,28,396.86,196.11,37.475,103.25,-1,-1,-1,-1
499,28,396.32,195.75,37.717,103.31,-1,-1,-1,-1
500,28,398.23,196.17,34.898,99.933,-1,-1,-1,-1
137,5,537.19,201.68,28.742,85.618,-1,-1,-1,-1
138,5,533.37,200.44,33.996,90.696,-1,-1,-1,-1
139,5,533.9,198.6,31.095,89.223,-1,-1,-1,-1
140,5,533.66,198.86,31.393,86.505,-1,-1,-1,-1
141,5,533.3,200.88,31.569,86.901,-1,-1,-1,-1
142,5,532.73,198.46,31.19,89.514,-1,-1,-1,-1
143,5,527.31,196.31,33.884,90.581,-1,-1,-1,-1
144,5,527.56,193.86,33.666,93.228,-1,-1,-1,-1
145,5,528.27,190.23,30.711,89.408,-1,-1,-1,-1
146,5,527.47,190.05,33.833,90.272,-1,-1,-1,-1
147,5,533.03,193.92,28.723,87.99,-1,-1,-1,-1
148,5,529.33,194.35,36.518,97.222,-1,-1,-1,-1
149,5,533.04,198.31,31.046,92.299,-1,-1,-1,-1
150,5,531.71,200.15,34.175,93.392,-1,-1,-1,-1
151,5,531.85,200.19,34,93.644,-1,-1,-1,-1
152,5,529.17,201.97,30.746,89.772,-1,-1,-1,-1
153,5,528.16,202.64,33.681,90.652,-1,-1,-1,-1
154,5,529.3,203.64,36.254,94.506,-1,-1,-1,-1
155,5,530.46,203.92,35.308,94.826,-1,-1,-1,-1
156,5,529.94,203.83,36.403,93.899,-1,-1,-1,-1
157,5,530.3,203.66,36.238,97.099,-1,-1,-1,-1
158,5,533.71,204.5,31.015,91.71,-1,-1,-1,-1
159,5,532.45,202.68,33.867,92.795,-1,-1,-1,-1
160,5,533.39,200.17,33.672,95.819,-1,-1,-1,-1
161,5,528.6,197.67,39.512,125.79,-1,-1,-1,-1
162,5,526.58,195.49,41.858,131.67,-1,-1,-1,-1
163,5,532.2,195.89,42.906,130.23,-1,-1,-1,-1
164,5,535.89,195.22,46.045,133.9,-1,-1,-1,-1
165,5,534.55,194.62,47.363,137.37,-1,-1,-1,-1
166,5,531.86,195.51,47.771,136.08,-1,-1,-1,-1
167,5,532.45,195.48,47.734,136.02,-1,-1,-1,-1
168,5,531.15,190.29,51.06,145.77,-1,-1,-1,-1
169,5,533.29,195.26,48.192,139.66,-1,-1,-1,-1
170,5,538.16,195.1,48.167,140.27,-1,-1,-1,-1
171,5,539.66,195,46.541,144.56,-1,-1,-1,-1
173,5,532.34,191.3,50.404,133.9,-1,-1,-1,-1
174,5,540.7,197.55,32.78,95.765,-1,-1,-1,-1
175,5,538.43,196.64,38.829,100.62,-1,-1,-1,-1
176,5,542.72,196.65,35.851,99.606,-1,-1,-1,-1
177,5,543.5,196.73,36.089,99.603,-1,-1,-1,-1
178,5,545.08,198.07,34.47,100.72,-1,-1,-1,-1
179,5,545.06,196.43,38.874,100.89,-1,-1,-1,-1
180,5,550.81,198.09,35.578,100.11,-1,-1,-1,-1
181,5,553.83,196.94,32.518,98.673,-1,-1,-1,-1
182,5,551.41,195.19,42.2,104.42,-1,-1,-1,-1
183,5,552.85,196.68,39.16,100.23,-1,-1,-1,-1
184,5,558.98,197.39,32.708,98.403,-1,-1,-1,-1
185,5,559.02,194.88,42.63,108.07,-1,-1,-1,-1
186,5,560.06,196.54,39.355,103.31,-1,-1,-1,-1
187,5,559.65,198.54,42.381,100.74,-1,-1,-1,-1
188,5,561.57,196.39,38.118,103.19,-1,-1,-1,-1
189,5,562.04,194.84,41.352,107.8,-1,-1,-1,-1
190,5,567.24,192.07,40.511,108.77,-1,-1,-1,-1
191,5,567.89,190.2,42.361,107.33,-1,-1,-1,-1
192,5,569.09,186.92,41.357,110.78,-1,-1,-1,-1
193,5,575.64,191.53,39.791,111.85,-1,-1,-1,-1
194,5,576.36,193.02,37.902,109.61,-1,-1,-1,-1
195,5,576.44,194.65,41.782,111.26,-1,-1,-1,-1
196,5,577.57,194.85,40.604,111.76,-1,-1,-1,-1
197,5,580.55,197.72,34.971,104.88,-1,-1,-1,-1
198,5,578.32,194.65,41.387,110.97,-1,-1,-1,-1
199,5,583.46,197.34,37.757,107.21,-1,-1,-1,-1
200,5,584.19,194.63,41.794,113.96,-1,-1,-1,-1
201,5,584.17,194.85,41.486,110.65,-1,-1,-1,-1
202,5,585.7,195.91,40.804,118.03,-1,-1,-1,-1
203,5,585.49,194.87,41.383,110.75,-1,-1,-1,-1
204,5,590.85,199.12,41.402,114.32,-1,-1,-1,-1
205,5,591.55,199.35,41.108,108.15,-1,-1,-1,-1
206,5,592,199.65,40.631,107.93,-1,-1,-1,-1
207,5,591.65,195,41.166,110.42,-1,-1,-1,-1
208,5,592.48,194.74,41.278,113.87,-1,-1,-1,-1
209,5,594.39,194.46,41.313,113.69,-1,-1,-1,-1
210,5,599.17,194.49,41.18,113.55,-1,-1,-1,-1
211,5,599.86,191.18,40.401,117.15,-1,-1,-1,-1
212,5,600.74,191.28,40.685,114.18,-1,-1,-1,-1
213,5,599.74,191.53,39.994,114.04,-1,-1,-1,-1
214,5,599.93,191.9,40.799,111.14,-1,-1,-1,-1
215,5,600.23,194.9,40.543,111.04,-1,-1,-1,-1
216,5,599.03,192,45.126,116.1,-1,-1,-1,-1
217,5,600.24,191.23,40.8,117.45,-1,-1,-1,-1
218,5,598.93,191.49,41.427,117.56,-1,-1,-1,-1
219,5,601.29,191.25,40.881,116.86,-1,-1,-1,-1
220,5,602.83,191.44,40.755,116.48,-1,-1,-1,-1
221,5,602.88,191.38,40.012,116.55,-1,-1,-1,-1
222,5,602.17,192.28,43.704,117.62,-1,-1,-1,-1
223,5,608.18,196.13,40.124,114,-1,-1,-1,-1
224,5,607.41,194.59,36.604,112.19,-1,-1,-1,-1
225,5,609.29,196.08,40.177,114.04,-1,-1,-1,-1
226,5,609.31,191.2,40.009,116.78,-1,-1,-1,-1
1,17,291.25,145.83,61.46,178.22,-1,-1,-1,-1
2,17,297.81,152.96,51.549,172.72,-1,-1,-1,-1
3,17,295.06,150.84,61.981,177.46,-1,-1,-1,-1
4,17,295.43,146.12,60.91,182.97,-1,-1,-1,-1
5,17,302.93,145.78,62.898,182.34,-1,-1,-1,-1
6,17,304.07,137.12,72.14,197.81,-1,-1,-1,-1
7,17,304.9,132.12,72.27,202.73,-1,-1,-1,-1
8,17,308.28,132.2,72.043,202.43,-1,-1,-1,-1
9,17,319.2,140.17,70.526,203.42,-1,-1,-1,-1
10,17,321.92,140.76,71.188,202.54,-1,-1,-1,-1
11,17,324.63,130.02,90.961,242.4,-1,-1,-1,-1
12,17,337.96,130.21,82.492,239.72,-1,-1,-1,-1
13,17,351.74,123.08,80.1,247.31,-1,-1,-1,-1
14,17,352.36,111.41,98.185,273.01,-1,-1,-1,-1
15,17,370.94,112.86,78.36,259.19,-1,-1,-1,-1
16,17,370.49,104.87,90.639,290.41,-1,-1,-1,-1
17,17,380.3,103.71,98.904,283.73,-1,-1,-1,-1
18,17,385.38,97.156,106.76,299.82,-1,-1,-1,-1
19,17,404.49,87.158,104.71,315.21,-1,-1,-1,-1
20,17,394.66,69.616,134.92,354.76,-1,-1,-1,-1
21,17,419.2,61.946,122.08,359.63,-1,-1,-1,-1
22,17,442.13,41.588,131.93,385.2,-1,-1,-1,-1
23,17,469.45,30.526,127.21,396.09,-1,-1,-1,-1
24,17,478.07,19.951,150.86,428.65,-1,-1,-1,-1
247,2,236.09,212.78,20.43,60.79,-1,-1,-1,-1
249,2,233.49,198.31,26.755,77.106,-1,-1,-1,-1
250,2,237.63,199.64,24.585,73.55,-1,-1,-1,-1
251,2,238.08,198.66,26.912,76.728,-1,-1,-1,-1
252,2,241.14,199.4,25.508,73.774,-1,-1,-1,-1
253,2,248.02,195.18,28.652,89.146,-1,-1,-1,-1
254,2,250.27,194.1,31.229,89.866,-1,-1,-1,-1
255,2,262.4,191.67,30.952,89.985,-1,-1,-1,-1
256,2,271.41,189.09,33.775,93.383,-1,-1,-1,-1
257,2,274.33,188.05,30.518,91.923,-1,-1,-1,-1
258,2,274.35,182.73,33.304,95.568,-1,-1,-1,-1
259,2,279.18,185.81,30.656,91.871,-1,-1,-1,-1
260,2,279.94,186.76,33.401,93.233,-1,-1,-1,-1
261,2,284.37,189.21,34.123,93.047,-1,-1,-1,-1
262,2,285.2,194.08,30.908,92.051,-1,-1,-1,-1
263,2,280.46,193.15,32.21,97.103,-1,-1,-1,-1
264,2,280.9,195.64,32.218,94.547,-1,-1,-1,-1
265,2,284.37,198.53,28.037,91.322,-1,-1,-1,-1
266,2,284.53,200.82,28.541,90.583,-1,-1,-1,-1
267,2,286.93,203.87,30.285,91.908,-1,-1,-1,-1
268,2,286.16,202.21,33.18,95.231,-1,-1,-1,-1
269,2,279.71,201.98,32.796,96.129,-1,-1,-1,-1
270,2,269.83,199.22,38.441,113.27,-1,-1,-1,-1
271,2,267.83,194.73,38.389,116.16,-1,-1,-1,-1
272,2,263.57,195.87,36.054,100.02,-1,-1,-1,-1
273,2,261.37,194.78,30.303,97.56,-1,-1,-1,-1
274,2,260.95,197.25,30.775,95.096,-1,-1,-1,-1
275,2,261.13,194.4,38.312,116.41,-1,-1,-1,-1
276,2,263.63,196.13,37.187,97.877,-1,-1,-1,-1
277,2,264.55,193.36,36.6,100.16,-1,-1,-1,-1
278,2,262.97,189.01,36.317,102.93,-1,-1,-1,-1
279,2,254.59,190.15,32.038,99.75,-1,-1,-1,-1
280,2,252.88,189.97,31.943,102.41,-1,-1,-1,-1
282,2,236.6,188.92,36.375,102.85,-1,-1,-1,-1
283,2,233.41,192.46,32.949,101.66,-1,-1,-1,-1
284,2,229.4,192.94,34.886,103.7,-1,-1,-1,-1
285,2,223.23,193.18,34.968,100.92,-1,-1,-1,-1
286,2,222.49,188.41,38.389,107.76,-1,-1,-1,-1
287,2,223.38,188.04,37.342,108.19,-1,-1,-1,-1
288,2,223.85,184.98,37.185,108.25,-1,-1,-1,-1
289,2,222.87,188.11,39.11,107.13,-1,-1,-1,-1
290,2,222.58,188.11,38.562,107.61,-1,-1,-1,-1
291,2,223.35,189.74,35.008,109.36,-1,-1,-1,-1
292,2,221.95,187.74,38.61,110.56,-1,-1,-1,-1
293,2,221.45,189.86,35.266,106.66,-1,-1,-1,-1
294,2,216.86,186.02,41.752,111.36,-1,-1,-1,-1
295,2,222.3,184.91,38.43,110.65,-1,-1,-1,-1
296,2,222.69,184.96,37.457,111.35,-1,-1,-1,-1
297,2,222.33,184.93,38.553,110.7,-1,-1,-1,-1
298,2,222.81,185.84,35.271,108.83,-1,-1,-1,-1
299,2,222.6,186.05,35.58,108.84,-1,-1,-1,-1
300,2,221.07,185.86,41.598,111.83,-1,-1,-1,-1
301,2,216.86,186.02,41.752,111.36,-1,-1,-1,-1
302,2,216.4,186,41.512,111.61,-1,-1,-1,-1
303,2,217.07,182.94,39.762,116,-1,-1,-1,-1
304,2,216.85,185.61,39.13,116.04,-1,-1,-1,-1
305,2,215.23,185.64,41.489,115.11,-1,-1,-1,-1
306,2,213.79,185.56,41.693,114.95,-1,-1,-1,-1
307,2,209.43,187.38,38.257,113.59,-1,-1,-1,-1
308,2,208.23,187.43,38.007,113.4,-1,-1,-1,-1
309,2,205.91,185.21,41.319,118.23,-1,-1,-1,-1
310,2,203.48,181.97,44.324,123.39,-1,-1,-1,-1
311,2,200.07,185.64,41.622,115.24,-1,-1,-1,-1
312,2,197.07,182.18,44.585,122.87,-1,-1,-1,-1
313,2,195.52,181.98,44.205,123.49,-1,-1,-1,-1
314,2,192.3,185.35,40.575,118.62,-1,-1,-1,-1
315,2,187.35,185.75,44.963,119.75,-1,-1,-1,-1
316,2,183.46,185.76,41.455,115.38,-1,-1,-1,-1
317,2,177.2,185.6,40.664,115.52,-1,-1,-1,-1
318,2,174.59,185.28,40.721,118.56,-1,-1,-1,-1
319,2,170.89,184.07,37.267,117.13,-1,-1,-1,-1
320,2,161.8,182.02,44.555,123.41,-1,-1,-1,-1
321,2,157.52,181.75,40.659,122.17,-1,-1,-1,-1
322,2,150.36,181.89,40.172,122.26,-1,-1,-1,-1
323,2,136.27,181.82,40.225,122.37,-1,-1,-1,-1
324,2,127.87,178.4,42.201,128.88,-1,-1,-1,-1
325,2,125.69,178.66,38.7,124.03,-1,-1,-1,-1
326,2,119.33,178.81,38.472,127.3,-1,-1,-1,-1
327,2,110.3,174.56,41.57,132.98,-1,-1,-1,-1
328,2,102.61,177.81,42.902,132.53,-1,-1,-1,-1
329,2,95.659,178.05,43.369,132.12,-1,-1,-1,-1
330,2,92.86,178.06,43.454,132.24,-1,-1,-1,-1
34,6,319.34,204.3,21.139,59.479,-1,-1,-1,-1
35,6,320.26,214.23,21.9,51.362,-1,-1,-1,-1
36,6,319.98,212.69,21.695,53.023,-1,-1,-1,-1
37,6,320.14,214.35,22.078,51.366,-1,-1,-1,-1
38,6,319.98,212.69,21.695,53.023,-1,-1,-1,-1
39,6,320.11,212.64,21.77,52.959,-1,-1,-1,-1
40,6,319.92,211.24,21.693,54.719,-1,-1,-1,-1
41,6,320.38,211.15,21.479,54.6,-1,-1,-1,-1
42,6,321.18,209.45,23.084,58.495,-1,-1,-1,-1
43,6,323.62,210.39,21.786,52.723,-1,-1,-1,-1
44,6,323.75,211.12,21.572,54.669,-1,-1,-1,-1
45,6,323.9,208.8,21.823,54.333,-1,-1,-1,-1
46,6,322.67,197.79,22.521,65.227,-1,-1,-1,-1
47,6,324.42,205.46,21.077,57.818,-1,-1,-1,-1
48,6,324.9,199.74,20.374,62.514,-1,-1,-1,-1
49,6,325.77,197.3,21.868,66.968,-1,-1,-1,-1
50,6,325.42,202.86,20.704,59.16,-1,-1,-1,-1
51,6,327.19,205.48,21.269,59.519,-1,-1,-1,-1
52,6,325.78,205.27,23.022,61.762,-1,-1,-1,-1
53,6,329.05,200.75,20.765,64.589,-1,-1,-1,-1
54,6,327.99,198.21,23.98,68.011,-1,-1,-1,-1
55,6,326.75,202.07,24.185,64.343,-1,-1,-1,-1
56,6,327.19,201.89,24.21,64.23,-1,-1,-1,-1
57,6,330.09,200.93,22.595,63.179,-1,-1,-1,-1
58,6,330.35,201.61,24.152,66.253,-1,-1,-1,-1
59,6,327.65,202.8,28.189,69.204,-1,-1,-1,-1
60,6,330.67,201.81,25.558,69.185,-1,-1,-1,-1
61,6,331.93,204.12,23.603,68.164,-1,-1,-1,-1
62,6,332.24,204.22,23.539,67.784,-1,-1,-1,-1
63,6,331.51,204.34,25.168,72.829,-1,-1,-1,-1
64,6,334.87,206.39,25.936,72.766,-1,-1,-1,-1
65,6,333.5,200.66,29.91,78.296,-1,-1,-1,-1
66,6,336.85,203.45,27.387,77.986,-1,-1,-1,-1
67,6,334.74,202.13,29.975,80.916,-1,-1,-1,-1
68,6,338.01,203.4,27.235,79.913,-1,-1,-1,-1
69,6,338.85,201.65,29.569,81.101,-1,-1,-1,-1
70,6,338.88,198.28,31.636,86.767,-1,-1,-1,-1
71,6,339.06,198.09,31.366,86.761,-1,-1,-1,-1
72,6,338.32,196.1,34.354,90.098,-1,-1,-1,-1
73,6,340.59,196.12,31.453,91.571,-1,-1,-1,-1
74,6,345.39,195.71,28.592,87.424,-1,-1,-1,-1
75,6,344.52,193.43,33.675,95.281,-1,-1,-1,-1
76,6,346.69,192.44,31.328,93.573,-1,-1,-1,-1
77,6,349.52,190.8,33.542,98.116,-1,-1,-1,-1
78,6,348.99,186.15,35.045,101.62,-1,-1,-1,-1
79,6,348.74,186.98,36.667,102.05,-1,-1,-1,-1
80,6,351.94,186.89,33.289,100.43,-1,-1,-1,-1
81,6,352.62,189.43,41.71,110.34,-1,-1,-1,-1
82,6,351.82,186.49,45.277,114.41,-1,-1,-1,-1
83,6,359.01,185.74,40.784,116.58,-1,-1,-1,-1
84,6,360.12,184.46,37.198,117.91,-1,-1,-1,-1
85,6,361.37,185.63,40.638,119.59,-1,-1,-1,-1
86,6,360.56,188.11,44.662,125.25,-1,-1,-1,-1
87,6,367.83,190.77,43.923,124.87,-1,-1,-1,-1
88,6,369.99,190.46,43.447,124.88,-1,-1,-1,-1
89,6,374.97,186.83,47.869,137.5,-1,-1,-1,-1
90,6,374.63,181.03,51.528,142.8,-1,-1,-1,-1
91,6,382.46,177.12,51.224,147.55,-1,-1,-1,-1
92,6,384.69,177.14,50.176,146.93,-1,-1,-1,-1
93,6,394,172.76,50.301,159.47,-1,-1,-1,-1
94,6,397.79,169.21,57.233,169.01,-1,-1,-1,-1
95,6,401.44,162.74,61.659,175.4,-1,-1,-1,-1
96,6,404.1,158.27,61.926,185.35,-1,-1,-1,-1
97,6,413.57,157.9,61.478,190.25,-1,-1,-1,-1
98,6,416.96,157.47,67.08,193.3,-1,-1,-1,-1
99,6,429.55,154.37,71.741,213.27,-1,-1,-1,-1
100,6,435.78,151.33,75.803,221.24,-1,-1,-1,-1
101,6,445.05,140.35,88.49,247.24,-1,-1,-1,-1
102,6,459.05,132.42,94.163,258.07,-1,-1,-1,-1
103,6,472.2,122.57,101.48,284.5,-1,-1,-1,-1
104,6,492.6,122.97,100.39,283.48,-1,-1,-1,-1
105,6,510.61,110.69,106,295.44,-1,-1,-1,-1
106,6,529.15,95.658,109.91,345.24,-1,-1,-1,-1
404,12,204.95,197.2,20.568,60.454,-1,-1,-1,-1
405,12,204.73,198.83,20.64,58.925,-1,-1,-1,-1
407,12,204.83,202.68,20.773,57.687,-1,-1,-1,-1
409,12,208.53,206.5,20.594,57.501,-1,-1,-1,-1
411,12,209.03,204.17,20.937,57.227,-1,-1,-1,-1
412,12,209.37,202.49,20.544,59.647,-1,-1,-1,-1
413,12,212.07,198.62,20.358,61.05,-1,-1,-1,-1
414,12,212.43,204.01,20.351,59.349,-1,-1,-1,-1
415,12,213.1,200.96,20.286,62.829,-1,-1,-1,-1
416,12,216.31,200.82,19.936,62.959,-1,-1,-1,-1
417,12,217.08,199.45,20.024,64.228,-1,-1,-1,-1
418,12,216.83,204.91,20.253,59.64,-1,-1,-1,-1
419,12,216.6,204.15,20.7,59.195,-1,-1,-1,-1
420,12,216.75,202.59,20.384,59.432,-1,-1,-1,-1
421,12,216.94,202.5,20.31,60.992,-1,-1,-1,-1
422,12,216.97,202.49,20.348,59.411,-1,-1,-1,-1
423,12,216.99,202.4,20.21,60.817,-1,-1,-1,-1
424,12,216.77,202.46,20.342,60.884,-1,-1,-1,-1
425,12,216.77,202.46,20.342,60.884,-1,-1,-1,-1
426,12,217.49,202.41,20.399,61.159,-1,-1,-1,-1
427,12,218.94,198.72,21.935,65.194,-1,-1,-1,-1
428,12,219.19,198.55,21.538,67.251,-1,-1,-1,-1
429,12,219.27,201.04,21.397,67.474,-1,-1,-1,-1
431,12,219.11,205.26,21.682,66.592,-1,-1,-1,-1
432,12,219.73,208.62,20.241,62.262,-1,-1,-1,-1
433,12,220.29,206.87,19.715,64.616,-1,-1,-1,-1
434,12,219.48,207.29,20.59,63.837,-1,-1,-1,-1
435,12,218.57,202.71,21.85,66.451,-1,-1,-1,-1
436,12,218.29,205.23,21.683,66.641,-1,-1,-1,-1
437,12,217.34,204.72,20.325,63.843,-1,-1,-1,-1
438,12,216.84,205.65,23.323,68.212,-1,-1,-1,-1
439,12,218.29,205.23,21.683,66.641,-1,-1,-1,-1
440,12,216.08,206.68,21.454,67.354,-1,-1,-1,-1
441,12,215.74,203.88,23.38,70.736,-1,-1,-1,-1
442,12,218.45,206.65,21.454,66.514,-1,-1,-1,-1
443,12,216.71,205.53,23.813,67.378,-1,-1,-1,-1
444,12,215.17,204.9,21.315,68.434,-1,-1,-1,-1
445,12,212.57,203.62,22.915,71.801,-1,-1,-1,-1
446,12,214.42,206.52,21.182,69.04,-1,-1,-1,-1
447,12,211.27,203.98,25.259,73.846,-1,-1,-1,-1
448,12,211.84,206.44,21.013,70.904,-1,-1,-1,-1
449,12,210.58,208.01,23.307,71.414,-1,-1,-1,-1
450,12,208.05,206.26,22.963,73.431,-1,-1,-1,-1
451,12,207.06,210.48,21.117,71.298,-1,-1,-1,-1
452,12,207.09,208.57,20.678,74.886,-1,-1,-1,-1
453,12,204.69,212.88,19.658,71.121,-1,-1,-1,-1
454,12,200.81,212.62,19.437,72.617,-1,-1,-1,-1
455,12,197.14,213.4,25.163,76.589,-1,-1,-1,-1
456,12,198.06,215.66,21.249,74.156,-1,-1,-1,-1
457,12,197.77,214.36,21.668,74.288,-1,-1,-1,-1
458,12,197.29,213.25,24.945,76.584,-1,-1,-1,-1
459,12,197.94,214.22,21.355,76.161,-1,-1,-1,-1
460,12,198.19,214.91,22.644,77.176,-1,-1,-1,-1
461,12,198.98,216.24,24.574,78.521,-1,-1,-1,-1
462,12,202.81,215.95,23.965,78.564,-1,-1,-1,-1
463,12,200.72,213.21,26.928,81.826,-1,-1,-1,-1
464,12,202.61,212.88,23.981,81.349,-1,-1,-1,-1
465,12,202.92,210.83,23.875,83.618,-1,-1,-1,-1
466,12,202.84,213.01,23.884,81.443,-1,-1,-1,-1
467,12,201.68,211.19,26.549,83.888,-1,-1,-1,-1
468,12,204.04,210.84,23.542,83.359,-1,-1,-1,-1
469,12,201.79,211,26.392,86.029,-1,-1,-1,-1
470,12,202.08,210.91,26.217,85.941,-1,-1,-1,-1
471,12,201.87,210.52,25.812,85.359,-1,-1,-1,-1
472,12,199.96,193.88,39.686,117.59,-1,-1,-1,-1
473,12,208.08,205.36,38.7,105.39,-1,-1,-1,-1
474,12,203.54,205.13,37.818,105.45,-1,-1,-1,-1
475,12,201.27,208.62,29.009,99.53,-1,-1,-1,-1
476,12,194.82,206.4,35.306,103.73,-1,-1,-1,-1
477,12,193.38,206.1,34.98,105.17,-1,-1,-1,-1
478,12,188.04,205.01,32.93,100.22,-1,-1,-1,-1
479,12,185.4,202.4,36.28,104.29,-1,-1,-1,-1
480,12,180.01,199.28,35.575,106.91,-1,-1,-1,-1
481,12,174.06,199.22,34.306,106.65,-1,-1,-1,-1
482,12,170.59,176,44.209,130.69,-1,-1,-1,-1
484,12,162.27,194.52,37.77,111.51,-1,-1,-1,-1
485,12,156.82,194.66,37.853,111.38,-1,-1,-1,-1
486,12,156.06,191.64,37.139,114.49,-1,-1,-1,-1
487,12,152.17,196.05,34.294,110.4,-1,-1,-1,-1
488,12,146,193.45,43.495,122.18,-1,-1,-1,-1
489,12,145.05,194.11,38.761,125.85,-1,-1,-1,-1
490,12,143.44,197,39.078,122.76,-1,-1,-1,-1
491,12,137.27,192.44,39.873,120.73,-1,-1,-1,-1
492,12,128.98,192.59,40.727,122.37,-1,-1,-1,-1
493,12,127.56,188.88,39.905,129.16,-1,-1,-1,-1
494,12,120.92,190.08,40.374,116.36,-1,-1,-1,-1
495,12,120.17,189.48,40.038,122.9,-1,-1,-1,-1
496,12,112.82,186.66,43.271,127.94,-1,-1,-1,-1
497,12,111.8,185.67,39.132,129.77,-1,-1,-1,-1
498,12,104.43,181.08,42.208,132.08,-1,-1,-1,-1
499,12,98.147,176.49,50.499,142.43,-1,-1,-1,-1
500,12,93.346,175.77,45.506,141.76,-1,-1,-1,-1
348,19,181.12,198.03,21.476,67.872,-1,-1,-1,-1
350,19,180.12,196.97,22.945,72.916,-1,-1,-1,-1
351,19,176.7,198.85,25.271,74.66,-1,-1,-1,-1
352,19,176.96,198.67,24.759,75.804,-1,-1,-1,-1
353,19,173.3,200.1,27.727,75.37,-1,-1,-1,-1
354,19,173.63,200.45,24.685,75.669,-1,-1,-1,-1
355,19,172.12,198.83,25.114,76.506,-1,-1,-1,-1
356,19,168.49,200.66,24.652,75.435,-1,-1,-1,-1
357,19,168.21,196.8,24.848,76.802,-1,-1,-1,-1
358,19,164.39,192.11,29.215,82.714,-1,-1,-1,-1
359,19,164.28,191.73,28.971,82.949,-1,-1,-1,-1
360,19,164.17,192.28,26.727,81.558,-1,-1,-1,-1
361,19,164.31,189.91,25.92,84.015,-1,-1,-1,-1
362,19,159.7,189.55,28.645,85.321,-1,-1,-1,-1
363,19,159.06,189.21,27.992,88.813,-1,-1,-1,-1
364,19,160.21,191.95,25.055,86.897,-1,-1,-1,-1
365,19,153.04,191.02,29.69,93.203,-1,-1,-1,-1
366,19,149.68,188.85,32.608,92.659,-1,-1,-1,-1
367,19,146.41,186.22,34.972,99.336,-1,-1,-1,-1
368,19,144.34,186.17,32.972,97.246,-1,-1,-1,-1
370,19,145.35,188.66,30.361,96.282,-1,-1,-1,-1
371,19,142.17,188.31,30.278,99.004,-1,-1,-1,-1
372,19,139.47,188.39,36.076,101.66,-1,-1,-1,-1
373,19,139.96,188.17,35.106,105.8,-1,-1,-1,-1
374,19,139.35,185.76,35.636,108.65,-1,-1,-1,-1
375,19,128.85,164.36,46.459,134.5,-1,-1,-1,-1
376,19,128.83,177.49,41.436,115.69,-1,-1,-1,-1
377,19,121.68,167.01,42.736,132.43,-1,-1,-1,-1
378,19,120.77,166.92,43.681,131.53,-1,-1,-1,-1
379,19,116.02,166.16,49.663,152.03,-1,-1,-1,-1
380,19,120.99,176.99,39.868,121.02,-1,-1,-1,-1
381,19,119.98,176.99,40.02,121.49,-1,-1,-1,-1
382,19,112.61,172.57,42.329,132.31,-1,-1,-1,-1
383,19,113.06,187.05,40.063,116.74,-1,-1,-1,-1
384,19,101.88,172.57,46.04,137.22,-1,-1,-1,-1
385,19,101.43,172.67,45.846,137.54,-1,-1,-1,-1
386,19,100.15,172.44,46.103,141.03,-1,-1,-1,-1
387,19,99.897,172.26,45.836,144.51,-1,-1,-1,-1
388,19,94.734,167.56,53.394,157.02,-1,-1,-1,-1
389,19,92.317,168.03,53.912,160.68,-1,-1,-1,-1
390,19,94.692,165.38,55.828,168.77,-1,-1,-1,-1
391,19,85.537,170.24,50.311,162.79,-1,-1,-1,-1
426,32,283.39,210.35,21.136,60.893,-1,-1,-1,-1
427,32,282.56,210.6,23.037,61.527,-1,-1,-1,-1
428,32,282.76,211.27,22.7,63.426,-1,-1,-1,-1
429,32,283.88,214.37,21.534,60.353,-1,-1,-1,-1
430,32,284.15,215.11,21.033,68.277,-1,-1,-1,-1
431,32,286.17,217.42,22.6,62.49,-1,-1,-1,-1
432,32,284.97,215.2,23.816,65.358,-1,-1,-1,-1
433,32,284.17,214.65,21.294,57.352,-1,-1,-1,-1
434,32,284.4,214.36,20.817,60.693,-1,-1,-1,-1
435,32,283.7,212.7,20.57,62.403,-1,-1,-1,-1
436,32,284.08,214.24,20.441,61.631,-1,-1,-1,-1
437,32,283.88,213.17,22.182,61.222,-1,-1,-1,-1
438,32,282.55,214.57,22.572,61.621,-1,-1,-1,-1
439,32,280.55,211.39,20.583,61.965,-1,-1,-1,-1
440,32,279.34,213.2,22.614,63.931,-1,-1,-1,-1
441,32,281.02,212.58,20.371,63.341,-1,-1,-1,-1
442,32,281.07,212.97,20.484,62.302,-1,-1,-1,-1
443,32,278.92,211.25,22.051,64.556,-1,-1,-1,-1
444,32,276.81,210.17,23.562,67.724,-1,-1,-1,-1
445,32,276.23,208.37,23.661,69.929,-1,-1,-1,-1
446,32,275.84,210.9,21.637,68.98,-1,-1,-1,-1
447,32,271.79,210.84,25.437,72.281,-1,-1,-1,-1
448,32,271.65,210.82,25.5,73.467,-1,-1,-1,-1
449,32,275.61,213.49,20.913,70.717,-1,-1,-1,-1
450,32,272.42,212.57,22.778,71.213,-1,-1,-1,-1
452,32,268.01,213.51,24.292,75.891,-1,-1,-1,-1
454,32,267.18,212.32,31.082,85.859,-1,-1,-1,-1
455,32,266.08,214.36,31.604,86.148,-1,-1,-1,-1
456,32,268.78,218.2,25.98,82.496,-1,-1,-1,-1
457,32,266.71,214.3,28.892,85.231,-1,-1,-1,-1
458,32,271.56,214.43,28.941,84.056,-1,-1,-1,-1
459,32,277.09,214.86,29.811,83.556,-1,-1,-1,-1
61,30,227.28,204.77,20.821,62.366,-1,-1,-1,-1
63,30,227.33,206.37,20.959,60.859,-1,-1,-1,-1
64,30,227.27,203.67,20.861,62.2,-1,-1,-1,-1
65,30,227.12,203.4,20.489,60.758,-1,-1,-1,-1
66,30,227.21,205.27,20.944,60.463,-1,-1,-1,-1
67,30,227.68,206.5,21.073,62.122,-1,-1,-1,-1
68,30,227.96,208.04,21.278,60.461,-1,-1,-1,-1
69,30,227.96,208.04,21.278,60.461,-1,-1,-1,-1
70,30,227.88,208.4,21.566,55.67,-1,-1,-1,-1
71,30,227.97,208.25,21.447,57.293,-1,-1,-1,-1
72,30,228.48,208.58,20.71,62.635,-1,-1,-1,-1
73,30,227.9,208.03,21.245,57.444,-1,-1,-1,-1
74,30,228.62,208.22,21.582,57.397,-1,-1,-1,-1
75,30,231.26,206.73,21.245,57.504,-1,-1,-1,-1
76,30,231.45,204.4,21.479,57.156,-1,-1,-1,-1
77,30,231.45,204.4,21.479,57.156,-1,-1,-1,-1
79,30,230.65,198.84,22.468,63.194,-1,-1,-1,-1
81,30,231.56,205,20.875,60.566,-1,-1,-1,-1
82,30,228.01,204.99,21.193,59.219,-1,-1,-1,-1
83,30,228.69,206.55,20.95,60.41,-1,-1,-1,-1
84,30,227.63,208.1,21.323,58.997,-1,-1,-1,-1
85,30,226.52,208.97,22.759,61.493,-1,-1,-1,-1
86,30,226.69,210.44,22.904,61.35,-1,-1,-1,-1
87,30,227.97,212.59,21.05,61.1,-1,-1,-1,-1
88,30,228.63,212.7,20.718,60.749,-1,-1,-1,-1
89,30,229.62,212.74,20.719,60.694,-1,-1,-1,-1
90,30,226.09,209.99,24.349,69.588,-1,-1,-1,-1
91,30,229.07,208.75,20.359,62.069,-1,-1,-1,-1
92,30,227.88,206.98,22.144,64.791,-1,-1,-1,-1
93,30,229.79,206.24,22.668,62.827,-1,-1,-1,-1
94,30,230.42,206.12,22.415,62.581,-1,-1,-1,-1
95,30,231.11,202.66,22.175,66.55,-1,-1,-1,-1
96,30,228.39,205.8,23.871,65.294,-1,-1,-1,-1
97,30,230.99,202.39,21.641,68.507,-1,-1,-1,-1
98,30,225.49,203.5,26.231,67.735,-1,-1,-1,-1
99,30,227.39,204.28,21.94,66.277,-1,-1,-1,-1
100,30,228.67,201.14,23.942,69.054,-1,-1,-1,-1
101,30,229.88,200.84,23.576,69.232,-1,-1,-1,-1
102,30,229.49,199.19,23.376,70.931,-1,-1,-1,-1
103,30,227.21,193.18,27.458,78.867,-1,-1,-1,-1
104,30,229.65,191.74,31.269,92.581,-1,-1,-1,-1
105,30,227.19,188.99,34.074,96.464,-1,-1,-1,-1
106,30,228.41,202.42,21.554,67.917,-1,-1,-1,-1
107,30,229.71,199.19,23.076,70.676,-1,-1,-1,-1
109,30,229.6,199.12,23.024,70.748,-1,-1,-1,-1
110,30,226.96,199.34,22.746,69.068,-1,-1,-1,-1
111,30,228.32,200.78,20.29,70.388,-1,-1,-1,-1
113,30,225.36,200.55,19.58,64.893,-1,-1,-1,-1
114,30,224.67,200.62,20.378,63.483,-1,-1,-1,-1
115,30,221.19,198.49,20.187,63.415,-1,-1,-1,-1
352,18,223.75,210.77,20.816,54.219,-1,-1,-1,-1
354,18,220.59,208.92,20.102,59.799,-1,-1,-1,-1
356,18,220.48,208.13,20.33,57.856,-1,-1,-1,-1
357,18,219.83,202.85,20.092,59.518,-1,-1,-1,-1
359,18,221.25,201.17,20.052,59.754,-1,-1,-1,-1
361,18,220.44,199.77,20.079,59.287,-1,-1,-1,-1
363,18,220.83,204.4,20.739,55.699,-1,-1,-1,-1
365,18,223.26,206.74,20.773,55.781,-1,-1,-1,-1
366,18,220.38,205.6,21.093,57.677,-1,-1,-1,-1
367,18,220.37,201.21,19.884,61.004,-1,-1,-1,-1
368,18,223.92,205.09,19.963,57.229,-1,-1,-1,-1
369,18,222.42,200.64,21.308,61.703,-1,-1,-1,-1
370,18,223.43,208.27,20.621,54.209,-1,-1,-1,-1
371,18,223.66,206.95,21.094,56.096,-1,-1,-1,-1
372,18,224.49,206.62,20.401,57.297,-1,-1,-1,-1
373,18,227.05,209.69,21.305,57.645,-1,-1,-1,-1
374,18,227.34,206.69,20.916,57.259,-1,-1,-1,-1
375,18,227.35,205.23,20.837,59.125,-1,-1,-1,-1
376,18,227.84,204.95,20.31,57.887,-1,-1,-1,-1
377,18,227.04,204.62,21.995,60.084,-1,-1,-1,-1
378,18,227.54,206.63,20.933,57.827,-1,-1,-1,-1
379,18,228.74,206.81,20.629,57.63,-1,-1,-1,-1
380,18,231.49,202.59,20.315,59.354,-1,-1,-1,-1
381,18,231.64,205.35,20.678,57.552,-1,-1,-1,-1
382,18,231,206.39,22.245,56.196,-1,-1,-1,-1
383,18,231.48,202.23,22.018,59.756,-1,-1,-1,-1
384,18,232.64,205.42,20.648,57.482,-1,-1,-1,-1
385,18,235.87,206.6,20.433,57.241,-1,-1,-1,-1
386,18,239.36,210.32,20.232,57.558,-1,-1,-1,-1
387,18,240.06,208.98,21.874,59.75,-1,-1,-1,-1
388,18,244,208.94,20.191,59.107,-1,-1,-1,-1
389,18,243.96,205.16,20.067,60.441,-1,-1,-1,-1
391,18,246.04,206.61,21.991,59.323,-1,-1,-1,-1
392,18,248.69,206.66,20.26,57.353,-1,-1,-1,-1
393,18,250.33,206.76,26.023,70.101,-1,-1,-1,-1
394,18,253.42,201,27.49,70.478,-1,-1,-1,-1
395,18,259.12,201.5,21.502,64.77,-1,-1,-1,-1
396,18,261.65,204.72,21.747,61.129,-1,-1,-1,-1
397,18,263.74,201.04,19.88,60.616,-1,-1,-1,-1
398,18,264.37,201,19.929,60.229,-1,-1,-1,-1
399,18,264.98,203.26,19.725,60.53,-1,-1,-1,-1
400,18,266.63,202.85,21.474,62.852,-1,-1,-1,-1
401,18,271.6,208.1,20.991,60.437,-1,-1,-1,-1
402,18,276.35,203.52,19.886,60.254,-1,-1,-1,-1
403,18,276.44,203.61,20.355,61.917,-1,-1,-1,-1
404,18,277.27,203.89,20.392,61.707,-1,-1,-1,-1
405,18,277.2,204.94,19.98,60.02,-1,-1,-1,-1
406,18,279.09,206.69,20.937,61.755,-1,-1,-1,-1
407,18,280.47,205.66,20.587,59.851,-1,-1,-1,-1
408,18,279.72,207.81,22.131,60.614,-1,-1,-1,-1
409,18,284.71,207.52,19.835,60.125,-1,-1,-1,-1
410,18,285.49,206.16,23.426,63.039,-1,-1,-1,-1
411,18,289.24,206.48,19.312,61.121,-1,-1,-1,-1
412,18,288.16,207.65,22.169,60.629,-1,-1,-1,-1
414,18,293.14,210.64,20.302,58.756,-1,-1,-1,-1
415,18,295.56,211.22,21.226,58.174,-1,-1,-1,-1
417,18,299.64,213.69,21.204,56.913,-1,-1,-1,-1
418,18,301.12,213.11,20.453,58.294,-1,-1,-1,-1
420,18,304.54,207.27,19.694,61.466,-1,-1,-1,-1
421,18,301.12,204.11,20.89,65.83,-1,-1,-1,-1
422,18,304.32,212.35,20.363,56.923,-1,-1,-1,-1
423,18,304.72,204.72,19.895,63.833,-1,-1,-1,-1
424,18,300.9,201.99,25.116,68.894,-1,-1,-1,-1
425,18,304.73,206.18,22.966,64.788,-1,-1,-1,-1
426,18,305.3,201.81,24.984,71.089,-1,-1,-1,-1
427,18,309.33,207.56,21.505,64.411,-1,-1,-1,-1
428,18,310.08,207.22,21.231,64.367,-1,-1,-1,-1
429,18,309.33,210.51,23.392,64.827,-1,-1,-1,-1
430,18,313.78,211.31,21.231,64.273,-1,-1,-1,-1
431,18,313.28,215,23.487,64.912,-1,-1,-1,-1
432,18,316.14,219.69,20.975,60.146,-1,-1,-1,-1
100,16,415.27,197.52,22.101,75.191,-1,-1,-1,-1
101,16,417.17,196.09,26.659,85.465,-1,-1,-1,-1
102,16,417.59,192.25,31.208,92.948,-1,-1,-1,-1
103,16,418.96,192.53,31.679,92.96,-1,-1,-1,-1
104,16,424.17,192.05,31.182,95.564,-1,-1,-1,-1
105,16,425.62,189.7,31.074,97.808,-1,-1,-1,-1
106,16,431.37,189.17,29.949,97.819,-1,-1,-1,-1
107,16,431.78,186.89,35.692,103.93,-1,-1,-1,-1
108,16,435.69,184.2,32.797,104.64,-1,-1,-1,-1
109,16,434.64,181.09,38.443,110.65,-1,-1,-1,-1
110,16,439.81,180.67,38.472,113.99,-1,-1,-1,-1
111,16,440.81,183.82,35.004,109.22,-1,-1,-1,-1
112,16,440.14,180.25,40.989,119.09,-1,-1,-1,-1
113,16,442.97,177.54,36.723,116.88,-1,-1,-1,-1
114,16,446.57,175.11,40.879,122.09,-1,-1,-1,-1
115,16,448.49,171.94,40.172,125.14,-1,-1,-1,-1
116,16,453,170.79,43.593,131.1,-1,-1,-1,-1
117,16,454.36,170.97,43.811,130.59,-1,-1,-1,-1
118,16,461.02,170.68,43.353,133.99,-1,-1,-1,-1
119,16,459.32,171,47.286,139.79,-1,-1,-1,-1
120,16,464.13,166.67,42.329,141.19,-1,-1,-1,-1
121,16,470.37,163.11,41.803,144.27,-1,-1,-1,-1
122,16,469.49,157.08,44.685,151.08,-1,-1,-1,-1
123,16,466.08,147.88,53.173,164.64,-1,-1,-1,-1
124,16,477.24,156.66,45.342,129.84,-1,-1,-1,-1
125,16,483.16,153.04,48.231,156.98,-1,-1,-1,-1
126,16,486.04,153.92,51.762,164.54,-1,-1,-1,-1
127,16,483.53,144.91,66.343,191.81,-1,-1,-1,-1
128,16,493.38,139.46,65.151,198,-1,-1,-1,-1
129,16,506.63,136.77,60.581,198.54,-1,-1,-1,-1
130,16,512.41,135.89,71.124,212.2,-1,-1,-1,-1
131,16,520.58,130.9,76.519,227.65,-1,-1,-1,-1
132,16,528.08,130.93,82.547,243.25,-1,-1,-1,-1
133,16,554.91,123.28,67.322,240.01,-1,-1,-1,-1
348,37,198,197.76,22.911,71.86,-1,-1,-1,-1
349,37,198.18,201.76,21.017,70.763,-1,-1,-1,-1
350,37,197.47,196.88,24.374,77.342,-1,-1,-1,-1
351,37,196.9,200.27,22.801,73.635,-1,-1,-1,-1
352,37,196.58,199.06,24.612,76.445,-1,-1,-1,-1
353,37,197.82,211.36,23.349,68.903,-1,-1,-1,-1
354,37,195.35,200.08,26.567,79.857,-1,-1,-1,-1
355,37,195.96,200.02,24.288,79.317,-1,-1,-1,-1
356,37,194.15,206.36,22.396,72.573,-1,-1,-1,-1
357,37,192.89,211.2,21.974,65.213,-1,-1,-1,-1
358,37,193.16,191.9,28.733,85.396,-1,-1,-1,-1
359,37,192.38,189.68,28.82,87.155,-1,-1,-1,-1
360,37,192.54,192.1,29.335,84.183,-1,-1,-1,-1
361,37,192.57,188.47,31.48,87.531,-1,-1,-1,-1
362,37,192.53,187.9,31.542,90.391,-1,-1,-1,-1
363,37,188.2,189.52,32.551,92.335,-1,-1,-1,-1
364,37,188.7,189.18,32.142,94.863,-1,-1,-1,-1
365,37,189.08,188.96,35.203,98.622,-1,-1,-1,-1
366,37,188.69,188.67,33.752,94.463,-1,-1,-1,-1
367,37,187.74,188.62,33.96,97.144,-1,-1,-1,-1
368,37,187.86,185.79,33.307,99.988,-1,-1,-1,-1
369,37,188.92,186.21,32.669,99.397,-1,-1,-1,-1
370,37,187.54,186.27,34.893,103.54,-1,-1,-1,-1
371,37,180.41,185.05,37.55,108.95,-1,-1,-1,-1
372,37,181.71,185.6,34.807,106.21,-1,-1,-1,-1
373,37,179.35,184.64,37.588,111.06,-1,-1,-1,-1
374,37,181.2,185.62,34.562,109.2,-1,-1,-1,-1
375,37,169.66,149.14,48.113,154.73,-1,-1,-1,-1
101,24,299.22,210.8,20.898,57.839,-1,-1,-1,-1
102,24,300.08,207.79,20.621,61.34,-1,-1,-1,-1
103,24,299.75,210.74,20.936,58.113,-1,-1,-1,-1
104,24,299.73,209.06,20.724,59.87,-1,-1,-1,-1
105,24,296.33,201.64,21.626,67.698,-1,-1,-1,-1
106,24,296.5,201.65,21.941,67.427,-1,-1,-1,-1
107,24,297.5,205.24,20.269,61.383,-1,-1,-1,-1
108,24,296.84,199.52,21.283,68.491,-1,-1,-1,-1
109,24,295.76,203.26,21.816,63.715,-1,-1,-1,-1
110,24,294.21,199.82,23.273,68.598,-1,-1,-1,-1
112,24,290.6,199.87,25.287,71.568,-1,-1,-1,-1
113,24,289.85,204.06,23.384,67.045,-1,-1,-1,-1
114,24,286.54,201.62,25.709,70.974,-1,-1,-1,-1
115,24,285.64,201.57,25.902,68.94,-1,-1,-1,-1
116,24,285.73,201.55,25.807,69.15,-1,-1,-1,-1
117,24,285.78,201.08,25.279,72.091,-1,-1,-1,-1
118,24,283.73,202.71,21.687,67.751,-1,-1,-1,-1
119,24,281.19,201.32,23.572,70.028,-1,-1,-1,-1
120,24,276.51,201.42,25.581,71.92,-1,-1,-1,-1
121,24,276.43,199.47,23.199,70.829,-1,-1,-1,-1
122,24,269.39,199.19,25.503,74.162,-1,-1,-1,-1
123,24,266,190.49,28.302,82.344,-1,-1,-1,-1
124,24,261.31,189.61,33.578,89.366,-1,-1,-1,-1
125,24,265.18,188.95,26.086,85.381,-1,-1,-1,-1
126,24,262.44,200.87,25.289,73.878,-1,-1,-1,-1
127,24,256.03,189.51,30.745,93.876,-1,-1,-1,-1
128,24,246.35,177.61,37.153,108.16,-1,-1,-1,-1
130,24,242.38,195.28,30.866,93.095,-1,-1,-1,-1
131,24,242.67,197.16,30.351,91.85,-1,-1,-1,-1
132,24,236.03,200.23,31.053,89.829,-1,-1,-1,-1
133,24,231.01,197.78,30.511,90.246,-1,-1,-1,-1
134,24,227.08,202.22,34.062,91.423,-1,-1,-1,-1
135,24,226.35,197.13,30.053,94.138,-1,-1,-1,-1
136,24,225.13,197.15,30.102,94.432,-1,-1,-1,-1
137,24,217.78,195.72,35.016,99.713,-1,-1,-1,-1
138,24,216.6,192.75,33.788,103.19,-1,-1,-1,-1
139,24,208.92,192.69,32.554,100.34,-1,-1,-1,-1
140,24,205.14,192.48,34.376,102.29,-1,-1,-1,-1
141,24,203.93,192.32,31.766,100.76,-1,-1,-1,-1
142,24,195.94,193.02,34.492,103.52,-1,-1,-1,-1
143,24,188.64,163.98,43.161,135.4,-1,-1,-1,-1
144,24,184.56,181.04,41.005,113.13,-1,-1,-1,-1
145,24,176.34,178.19,41.082,111.71,-1,-1,-1,-1
146,24,179.07,177.29,37.369,113.66,-1,-1,-1,-1
147,24,180.34,177.05,36.521,115.84,-1,-1,-1,-1
148,24,176.92,179.02,39.443,120.47,-1,-1,-1,-1
149,24,174.12,181.93,40.315,120.83,-1,-1,-1,-1
150,24,169.51,181.7,39.196,123.86,-1,-1,-1,-1
151,24,163.15,181.68,43.392,129.27,-1,-1,-1,-1
152,24,165.03,181.76,42.248,127.57,-1,-1,-1,-1
153,24,155.95,182.25,46.196,134.68,-1,-1,-1,-1
154,24,148.9,180.49,49.942,139.36,-1,-1,-1,-1
155,24,149.73,168.24,48.425,156.3,-1,-1,-1,-1
268,15,272.52,213.81,22.624,74.539,-1,-1,-1,-1
269,15,264.09,213.72,26.702,76.626,-1,-1,-1,-1
270,15,254.65,209.08,28.802,79.518,-1,-1,-1,-1
271,15,248.04,208.9,26.936,80.099,-1,-1,-1,-1
272,15,242.78,208.91,27.159,77.479,-1,-1,-1,-1
273,15,237.61,205.61,26.767,80.169,-1,-1,-1,-1
274,15,237.18,206.57,27.09,79.816,-1,-1,-1,-1
275,15,233.31,202.8,25.673,82.624,-1,-1,-1,-1
276,15,232.87,203.04,25.824,82.45,-1,-1,-1,-1
277,15,228.06,203.22,26.065,82.26,-1,-1,-1,-1
278,15,222.15,201.11,25.967,82.501,-1,-1,-1,-1
279,15,212.22,198.15,30.617,86.715,-1,-1,-1,-1
280,15,208.28,199.1,28.72,84.471,-1,-1,-1,-1
281,15,197.48,197.29,27.795,86.053,-1,-1,-1,-1
282,15,187.71,197.94,31.124,88.071,-1,-1,-1,-1
283,15,181.7,198.68,27.756,88.833,-1,-1,-1,-1
284,15,175.99,198.89,27.968,90.873,-1,-1,-1,-1
286,15,169.06,197.78,30.451,90.169,-1,-1,-1,-1
287,15,167.91,195.67,32.77,93.037,-1,-1,-1,-1
288,15,163.24,193.18,33.1,96.285,-1,-1,-1,-1
289,15,163.39,194.96,32.107,96.009,-1,-1,-1,-1
290,15,161.58,195.42,32.872,93.649,-1,-1,-1,-1
291,15,158.7,197.07,29.45,94.929,-1,-1,-1,-1
292,15,153.01,194.86,29.32,95.128,-1,-1,-1,-1
293,15,149.84,194.79,32.907,95.202,-1,-1,-1,-1
294,15,147.51,208.15,28.321,80.981,-1,-1,-1,-1
295,15,141.63,204,33.085,104.95,-1,-1,-1,-1
297,15,138.83,201.6,35.353,107.83,-1,-1,-1,-1
298,15,135.76,196.55,43.933,119.06,-1,-1,-1,-1
299,15,135.15,203.78,33.014,107.39,-1,-1,-1,-1
300,15,133.71,201.67,38.373,112.5,-1,-1,-1,-1
301,15,128.98,200.02,40.472,117.44,-1,-1,-1,-1
302,15,127.52,200.64,41.447,117.4,-1,-1,-1,-1
303,15,131.71,201.72,35.539,104.79,-1,-1,-1,-1
304,15,127.73,201.79,38.012,111.87,-1,-1,-1,-1
305,15,129.27,205.19,32.914,95.807,-1,-1,-1,-1
306,15,124.53,202.33,35.972,99.289,-1,-1,-1,-1
307,15,118.72,201.21,38.136,103.82,-1,-1,-1,-1
308,15,112.44,199.56,40.748,107.84,-1,-1,-1,-1
309,15,110.63,196.34,40.463,108.17,-1,-1,-1,-1
310,15,104.31,182.18,39.297,121.04,-1,-1,-1,-1
311,15,103.51,182.47,39.121,121.18,-1,-1,-1,-1
312,15,100.95,181.74,42.314,125.84,-1,-1,-1,-1
313,15,96.074,183.18,41.67,130.62,-1,-1,-1,-1
314,15,97.309,199.94,39.857,126.72,-1,-1,-1,-1
315,15,92.984,197.04,43.548,115.82,-1,-1,-1,-1
317,15,85.205,194.15,44.232,119.36,-1,-1,-1,-1
318,15,84.409,193.58,43.143,122.97,-1,-1,-1,-1
319,15,77.679,193.89,43.52,122.96,-1,-1,-1,-1
320,15,71.981,193.7,47.556,123.67,-1,-1,-1,-1
321,15,65.394,189.23,45.775,131.54,-1,-1,-1,-1
322,15,57.819,176.57,49.693,144.02,-1,-1,-1,-1
323,15,47.308,172.3,48.634,148.37,-1,-1,-1,-1
324,15,33.327,167.55,51.609,155.29,-1,-1,-1,-1
325,15,28.462,162.32,49.241,155.56,-1,-1,-1,-1
326,15,22.122,163.89,51.004,163.81,-1,-1,-1,-1
327,15,13.684,157.47,55.113,169.77,-1,-1,-1,-1
328,15,9.3363,163.58,52.742,166.72,-1,-1,-1,-1
329,15,2.1488,163.32,51.048,171.97,-1,-1,-1,-1
481,38,321.28,238.11,20.711,58.459,-1,-1,-1,-1
482,38,321.35,234.24,22.538,62.655,-1,-1,-1,-1
483,38,321.04,236.65,23.256,53.802,-1,-1,-1,-1
485,38,324.37,236.3,20.152,61.919,-1,-1,-1,-1
486,38,321.56,234.1,22.597,64.515,-1,-1,-1,-1
487,38,321.48,234.85,24.581,65.199,-1,-1,-1,-1
488,38,321.88,236.32,22.209,66.506,-1,-1,-1,-1
489,38,321.67,238.19,22.683,62.802,-1,-1,-1,-1
490,38,320.49,238.78,20.663,62.17,-1,-1,-1,-1
491,38,321,236.45,22.215,64.754,-1,-1,-1,-1
492,38,321.06,236.66,22.268,64.825,-1,-1,-1,-1
493,38,320.14,236.94,21.024,53.918,-1,-1,-1,-1
494,38,320.34,234.58,21.256,55.38,-1,-1,-1,-1
495,38,320.48,234.67,21.633,55.289,-1,-1,-1,-1
496,38,320.22,232.98,21.276,55.576,-1,-1,-1,-1
497,38,319.67,233.08,21.383,55.611,-1,-1,-1,-1
498,38,320.15,231.12,20.784,59.148,-1,-1,-1,-1
499,38,319.57,230.74,21.257,53.687,-1,-1,-1,-1
500,38,318.08,230.27,21.601,70.083,-1,-1,-1,-1
282,27,220.71,195.68,29.339,86.572,-1,-1,-1,-1
283,27,214.2,198.86,29.223,87.63,-1,-1,-1,-1
284,27,205.72,210.41,28.1,77.523,-1,-1,-1,-1
285,27,201.02,197.44,31.182,90.823,-1,-1,-1,-1
286,27,200.66,210.19,27.673,77.767,-1,-1,-1,-1
287,27,199.81,210.57,28.211,77.511,-1,-1,-1,-1
288,27,199.95,191.47,31.172,93.222,-1,-1,-1,-1
289,27,199.91,194.91,30.905,93.633,-1,-1,-1,-1
290,27,193.78,195.34,31.125,93.39,-1,-1,-1,-1
291,27,192.98,197.56,30.85,93.361,-1,-1,-1,-1
292,27,187.31,195.38,33.752,95.129,-1,-1,-1,-1
293,27,188.01,194.93,30.049,95.717,-1,-1,-1,-1
294,27,187.1,194.84,30.095,96.172,-1,-1,-1,-1
295,27,189.33,192.21,33.241,98.136,-1,-1,-1,-1
296,27,180.09,189.24,36.493,101.21,-1,-1,-1,-1
297,27,181.43,190.03,32.754,102.7,-1,-1,-1,-1
298,27,181.96,189.44,32.584,102.91,-1,-1,-1,-1
299,27,179.72,190.28,35.926,104.46,-1,-1,-1,-1
300,27,176.85,187.77,38.491,108.26,-1,-1,-1,-1
301,27,180.2,197.85,36.312,98.603,-1,-1,-1,-1
302,27,176.67,184.78,37.974,110.89,-1,-1,-1,-1
303,27,176.66,181.72,38.209,114.75,-1,-1,-1,-1
304,27,173.66,187.25,34.815,110.17,-1,-1,-1,-1
305,27,171.74,184.59,37.462,114.98,-1,-1,-1,-1
306,27,170.49,185.75,37.485,118.15,-1,-1,-1,-1
307,27,166.96,201.81,35.395,101.54,-1,-1,-1,-1
308,27,158.77,182.46,41.029,122.11,-1,-1,-1,-1
309,27,158.82,181.98,39.633,122.57,-1,-1,-1,-1
310,27,152.32,178.67,44.084,127.52,-1,-1,-1,-1
311,27,151.99,181.9,40.376,122.68,-1,-1,-1,-1
312,27,155.99,194,37.835,112.06,-1,-1,-1,-1
313,27,145.58,178.03,43.039,132.79,-1,-1,-1,-1
314,27,143.66,176.78,47.203,138.39,-1,-1,-1,-1
316,27,139.06,176.68,45.875,137.47,-1,-1,-1,-1
317,27,135.95,172.84,46.695,140.63,-1,-1,-1,-1
318,27,137.58,188.84,39.629,123.7,-1,-1,-1,-1
319,27,128.74,173.47,45.826,140.19,-1,-1,-1,-1
320,27,126.14,169.64,46.691,144.39,-1,-1,-1,-1
321,27,119.83,169.1,45.608,148.38,-1,-1,-1,-1
322,27,109.25,165.43,48.655,156.66,-1,-1,-1,-1
323,27,103.18,165.23,44.856,154.09,-1,-1,-1,-1
324,27,103.08,177.86,47.312,141.85,-1,-1,-1,-1
325,27,87.801,161.77,49.205,156.03,-1,-1,-1,-1
326,27,83.113,157.43,53.241,167.02,-1,-1,-1,-1
327,27,77.681,157.5,56.283,168.42,-1,-1,-1,-1
328,27,68.786,163.02,57.941,167.75,-1,-1,-1,-1
329,27,70.304,157.97,62.713,175.12,-1,-1,-1,-1
330,27,58.833,157.95,61.635,180.14,-1,-1,-1,-1
331,27,59.223,157.7,60.105,177.93,-1,-1,-1,-1
332,27,58.257,157.72,61.485,179.31,-1,-1,-1,-1
333,27,50.211,156.68,66.332,186.85,-1,-1,-1,-1
334,27,41.766,159.87,56.505,182.62,-1,-1,-1,-1
335,27,32.339,159.89,60.888,190.66,-1,-1,-1,-1
336,27,24.864,155.29,64.934,198.01,-1,-1,-1,-1
337,27,22.222,149.69,63.771,203.67,-1,-1,-1,-1
338,27,12.02,150.16,64.343,203.66,-1,-1,-1,-1
339,27,10.483,149.2,63.747,204.52,-1,-1,-1,-1
340,27,2.5621,147.12,66.151,214.53,-1,-1,-1,-1
180,4,263.77,210.42,20.292,59.458,-1,-1,-1,-1
181,4,265.15,215.04,20.821,54.336,-1,-1,-1,-1
182,4,268.69,217.52,20.167,52.7,-1,-1,-1,-1
183,4,267.54,217.96,21.009,52.187,-1,-1,-1,-1
184,4,268.01,216.09,20.701,53.592,-1,-1,-1,-1
185,4,268.69,216.05,20.706,53.504,-1,-1,-1,-1
186,4,271.8,215.3,20.641,53.877,-1,-1,-1,-1
187,4,272.3,217.57,21.021,51.924,-1,-1,-1,-1
188,4,273.97,207.08,21.195,65.013,-1,-1,-1,-1
189,4,275.85,216.48,21.547,55.18,-1,-1,-1,-1
190,4,276.3,214.02,21.177,53.962,-1,-1,-1,-1
191,4,277.27,204.72,19.466,62.478,-1,-1,-1,-1
192,4,279.97,196.98,21.057,66.816,-1,-1,-1,-1
193,4,278.73,210.76,22.652,58.815,-1,-1,-1,-1
194,4,281.58,201.94,19.833,65.881,-1,-1,-1,-1
195,4,279.88,202.73,23.4,69.504,-1,-1,-1,-1
196,4,282.39,210.61,22.115,61.616,-1,-1,-1,-1
197,4,283.44,213.03,20.9,58.653,-1,-1,-1,-1
199,4,282.27,213.28,22.124,61.117,-1,-1,-1,-1
200,4,280.99,215,23.246,64.295,-1,-1,-1,-1
201,4,282.8,215.53,21.584,63.511,-1,-1,-1,-1
202,4,280.02,214.87,23.494,65.473,-1,-1,-1,-1
203,4,280.83,215,19.499,64.077,-1,-1,-1,-1
204,4,281.01,216.58,19.333,63.696,-1,-1,-1,-1
205,4,280.26,215,23.148,65.686,-1,-1,-1,-1
206,4,280.5,213.25,19.691,65.193,-1,-1,-1,-1
207,4,280.59,211.25,24.876,70.371,-1,-1,-1,-1
208,4,277.75,210.39,24.41,72.264,-1,-1,-1,-1
209,4,276.11,211.09,25.504,70.12,-1,-1,-1,-1
210,4,276.22,210.91,25.357,72.117,-1,-1,-1,-1
211,4,276.63,208.29,23.053,71.468,-1,-1,-1,-1
212,4,275.93,208.31,23.454,70.848,-1,-1,-1,-1
213,4,272,206.12,24.657,74.249,-1,-1,-1,-1
214,4,269.78,203.62,27.26,76.384,-1,-1,-1,-1
215,4,271.07,206.77,24.391,75.763,-1,-1,-1,-1
216,4,269.25,205.37,26.762,77.178,-1,-1,-1,-1
217,4,269.31,205.24,26.63,76.948,-1,-1,-1,-1
218,4,267.29,206.97,24.629,77.989,-1,-1,-1,-1
219,4,266.15,206.97,25.117,78.06,-1,-1,-1,-1
220,4,265.07,206.7,26.547,81.095,-1,-1,-1,-1
221,4,266.43,205,24.608,79.743,-1,-1,-1,-1
222,4,264.91,206.26,26.877,81.2,-1,-1,-1,-1
223,4,266.51,203.54,29.054,84.684,-1,-1,-1,-1
224,4,266.68,203.32,28.939,84.742,-1,-1,-1,-1
225,4,271.12,206.16,25.842,83.676,-1,-1,-1,-1
226,4,270.55,202.66,26.122,85.916,-1,-1,-1,-1
227,4,270.88,202.92,29.462,86.31,-1,-1,-1,-1
228,4,272.75,203.15,27.916,86.807,-1,-1,-1,-1
229,4,273.46,200.69,27.86,89.589,-1,-1,-1,-1
230,4,274.92,197.39,29.993,95.439,-1,-1,-1,-1
231,4,272.96,196.09,35.959,99.878,-1,-1,-1,-1
232,4,278.25,196.08,36.076,99.943,-1,-1,-1,-1
233,4,285,198.58,29.365,100.73,-1,-1,-1,-1
234,4,285.99,198.77,31.918,99.424,-1,-1,-1,-1
235,4,287.59,199.12,31.99,99.096,-1,-1,-1,-1
236,4,287.56,195.55,34.533,103.19,-1,-1,-1,-1
237,4,291.52,192.5,37.636,112.89,-1,-1,-1,-1
238,4,295.26,190.87,40.869,117.42,-1,-1,-1,-1
239,4,297.37,193.9,40.021,115.8,-1,-1,-1,-1
240,4,303.24,193.88,40.428,118.79,-1,-1,-1,-1
241,4,306.29,195.41,39.474,121.87,-1,-1,-1,-1
242,4,313.6,195.53,39.103,121.56,-1,-1,-1,-1
243,4,316.65,193.09,42.862,126.68,-1,-1,-1,-1
244,4,321.85,192.23,45.689,131.35,-1,-1,-1,-1
245,4,322.97,191.81,45.746,136.01,-1,-1,-1,-1
246,4,335.31,186.83,50.178,143.73,-1,-1,-1,-1
247,4,350.01,183.39,53.04,149.17,-1,-1,-1,-1
248,4,352.16,181.29,57.403,159.85,-1,-1,-1,-1
249,4,361.65,181.24,57.207,159.83,-1,-1,-1,-1
250,4,364.98,175.56,62.203,166.58,-1,-1,-1,-1
251,4,372.77,176.62,56.743,169.26,-1,-1,-1,-1
252,4,383.71,171.88,55.432,173.69,-1,-1,-1,-1
253,4,393.18,160.77,63.483,188.76,-1,-1,-1,-1
254,4,403.49,161.75,66.784,188.35,-1,-1,-1,-1
255,4,420.26,154.22,68.794,213.88,-1,-1,-1,-1
256,4,432.53,154.11,71.461,213.24,-1,-1,-1,-1
257,4,449,151.18,73.265,223.11,-1,-1,-1,-1
258,4,454.5,145.01,72.342,229.48,-1,-1,-1,-1
259,4,458.9,132.6,93.547,265.12,-1,-1,-1,-1
260,4,474.89,132.22,92.125,264.41,-1,-1,-1,-1
261,4,478.5,123.06,98.474,283.77,-1,-1,-1,-1
262,4,489.69,122.92,105.36,304.69,-1,-1,-1,-1
263,4,500.99,118.44,114.92,314.86,-1,-1,-1,-1
264,4,521.14,118.87,115.39,317.81,-1,-1,-1,-1
294,1,315.24,211.25,20.82,55.001,-1,-1,-1,-1
296,1,314.82,208.73,21.469,55.133,-1,-1,-1,-1
297,1,316.19,212.79,21.013,53.256,-1,-1,-1,-1
298,1,315.48,214.21,21.802,51.41,-1,-1,-1,-1
299,1,312.69,206.11,21.939,64.547,-1,-1,-1,-1
300,1,315.9,213.98,20.082,63.413,-1,-1,-1,-1
301,1,315.44,212.61,21.285,52.917,-1,-1,-1,-1
302,1,313.23,212.73,20.996,53.565,-1,-1,-1,-1
303,1,312.88,208.61,21.2,56.62,-1,-1,-1,-1
304,1,312.04,203.9,20.744,61.794,-1,-1,-1,-1
305,1,311.98,212.54,21.649,54.57,-1,-1,-1,-1
306,1,310.31,211.01,21.398,57.849,-1,-1,-1,-1
307,1,308.21,215.63,21.703,53.435,-1,-1,-1,-1
308,1,304.23,216.55,21.164,53.889,-1,-1,-1,-1
309,1,303.88,205.41,20.823,61.204,-1,-1,-1,-1
310,1,303.75,212.7,21.689,53.107,-1,-1,-1,-1
311,1,304.04,209.55,20.589,57.056,-1,-1,-1,-1
312,1,303.42,209.31,21.31,58.136,-1,-1,-1,-1
313,1,300.59,216.62,20.97,52.15,-1,-1,-1,-1
314,1,300.13,216.47,20.921,53.796,-1,-1,-1,-1
315,1,299.18,215.22,22.681,55.795,-1,-1,-1,-1
316,1,299.35,206.35,20.406,62.043,-1,-1,-1,-1
317,1,296.32,209.41,20.669,58.689,-1,-1,-1,-1
318,1,295.74,213.65,22.859,55.173,-1,-1,-1,-1
319,1,295.89,212.51,21.016,55.277,-1,-1,-1,-1
320,1,291.82,203.52,22.69,62.239,-1,-1,-1,-1
321,1,288.45,212.87,21.242,53.236,-1,-1,-1,-1
322,1,284.42,212.81,21.991,64.081,-1,-1,-1,-1
323,1,278.48,211.1,22.744,55.589,-1,-1,-1,-1
324,1,272.54,208.61,20.853,55.321,-1,-1,-1,-1
325,1,269.44,206.84,20.522,55.721,-1,-1,-1,-1
326,1,268.63,208.58,20.644,55.366,-1,-1,-1,-1
327,1,268.78,206.88,20.417,57.227,-1,-1,-1,-1
328,1,267.95,212.33,20.726,55.561,-1,-1,-1,-1
329,1,267.44,210.69,20.56,57.541,-1,-1,-1,-1
330,1,265.26,210.78,20.418,57.512,-1,-1,-1,-1
331,1,264.6,210.74,20.471,59.21,-1,-1,-1,-1
332,1,264.56,209.15,20.399,60.746,-1,-1,-1,-1
333,1,264.57,210.63,20.924,58.909,-1,-1,-1,-1
334,1,262.04,205.72,21.917,65.224,-1,-1,-1,-1
336,1,261.99,205.86,21.921,65.362,-1,-1,-1,-1
337,1,258.47,204.48,23.617,67.836,-1,-1,-1,-1
338,1,256.83,208.98,24.128,63.485,-1,-1,-1,-1
339,1,257.36,207.5,21.95,61.528,-1,-1,-1,-1
340,1,256.82,205.84,21.851,64.279,-1,-1,-1,-1
341,1,256.75,205,21.993,63.046,-1,-1,-1,-1
342,1,257.49,204.76,21.516,63.821,-1,-1,-1,-1
343,1,260.57,208.96,20.229,59.284,-1,-1,-1,-1
344,1,260.37,208.23,20.617,57.213,-1,-1,-1,-1
345,1,260.21,206.85,20.482,57.347,-1,-1,-1,-1
346,1,257.62,202.59,22.199,59.246,-1,-1,-1,-1
347,1,260.12,201.06,19.847,60.762,-1,-1,-1,-1
348,1,259.86,202.73,19.933,58.918,-1,-1,-1,-1
349,1,258.42,204.65,21.549,61.567,-1,-1,-1,-1
350,1,257.38,204.97,19.899,60.895,-1,-1,-1,-1
351,1,257.54,206.59,21.88,61.09,-1,-1,-1,-1
352,1,256.52,208.98,20.471,58.612,-1,-1,-1,-1
353,1,257.62,209.08,21.739,61.314,-1,-1,-1,-1
354,1,257.71,208.83,21.782,63.258,-1,-1,-1,-1
355,1,256.84,206.42,20.063,60.977,-1,-1,-1,-1
356,1,256.94,206.48,20.108,60.915,-1,-1,-1,-1
357,1,256.78,204.81,19.823,60.807,-1,-1,-1,-1
358,1,256.94,204.61,21.938,61.382,-1,-1,-1,-1
359,1,256.9,202.68,20.197,60.992,-1,-1,-1,-1
360,1,257.81,202.96,21.618,63.272,-1,-1,-1,-1
361,1,258.32,195.47,21.568,67.824,-1,-1,-1,-1
362,1,256.9,201.75,23.99,62.961,-1,-1,-1,-1
363,1,257.3,200.52,21.814,62.832,-1,-1,-1,-1
364,1,258.25,203.04,21.289,63.235,-1,-1,-1,-1
365,1,257.38,203.01,21.674,63.055,-1,-1,-1,-1
366,1,257.45,202.99,21.591,63.239,-1,-1,-1,-1
367,1,257.17,203.08,21.677,62.942,-1,-1,-1,-1
368,1,257.81,202.96,21.618,63.272,-1,-1,-1,-1
369,1,258,201.15,21.235,65.081,-1,-1,-1,-1
370,1,258.52,202.84,21.174,64.751,-1,-1,-1,-1
371,1,258.55,201.29,23.434,67.577,-1,-1,-1,-1
372,1,262.2,202.88,21.287,64.863,-1,-1,-1,-1
373,1,262.73,203.93,23.129,67.764,-1,-1,-1,-1
374,1,265.57,204.63,21.82,63.157,-1,-1,-1,-1
375,1,262.34,199.83,23.05,67.277,-1,-1,-1,-1
376,1,263.45,201.55,23.42,65.475,-1,-1,-1,-1
377,1,263.55,201.38,23.283,67.339,-1,-1,-1,-1
378,1,262.98,201.6,23.48,65.243,-1,-1,-1,-1
379,1,266.56,202.83,21.238,65.012,-1,-1,-1,-1
380,1,266.42,201.48,23.115,65.287,-1,-1,-1,-1
381,1,266.93,201.23,22.763,67.648,-1,-1,-1,-1
382,1,266.04,199.61,23.338,67.305,-1,-1,-1,-1
383,1,266.73,199.48,23.275,67.659,-1,-1,-1,-1
384,1,266.7,201.35,23.973,66.719,-1,-1,-1,-1
385,1,269.75,202.71,21.349,66.425,-1,-1,-1,-1
386,1,271.46,206.99,21.582,65.043,-1,-1,-1,-1
387,1,272.17,205.79,23.777,67.203,-1,-1,-1,-1
388,1,276.72,205.8,23.173,67.793,-1,-1,-1,-1
389,1,279.18,205.17,21.204,66.81,-1,-1,-1,-1
390,1,277.35,204.11,23.154,67.183,-1,-1,-1,-1
391,1,280.29,203.97,23.894,67.174,-1,-1,-1,-1
392,1,282.72,202.64,21.9,66.197,-1,-1,-1,-1
393,1,283.46,202.75,21.846,65.776,-1,-1,-1,-1
394,1,284.51,205.76,23.824,66.573,-1,-1,-1,-1
395,1,287.72,202.92,21.923,65.896,-1,-1,-1,-1
396,1,286.94,201.47,25.034,69.558,-1,-1,-1,-1
397,1,289.58,199.5,22.644,69.089,-1,-1,-1,-1
398,1,287,196.65,24.88,71.595,-1,-1,-1,-1
399,1,290.12,199.31,22.544,71.234,-1,-1,-1,-1
400,1,290.73,199.51,24.815,71.651,-1,-1,-1,-1
401,1,293.67,203.88,23.179,69.403,-1,-1,-1,-1
402,1,296.19,199.39,24.757,72.247,-1,-1,-1,-1
403,1,295.44,198.46,27.209,74.297,-1,-1,-1,-1
404,1,297.4,199.36,24.704,73.56,-1,-1,-1,-1
405,1,299.25,201.96,22.759,71.191,-1,-1,-1,-1
406,1,296.77,200.45,27.146,74.509,-1,-1,-1,-1
407,1,300.31,201.42,25.017,71.676,-1,-1,-1,-1
408,1,301.08,204.29,24.77,71.903,-1,-1,-1,-1
409,1,301.12,202.6,27.246,74.201,-1,-1,-1,-1
410,1,305.36,204.42,24.744,71.675,-1,-1,-1,-1
411,1,305.71,201.31,24.542,73.701,-1,-1,-1,-1
412,1,305.73,199.39,24.463,73.627,-1,-1,-1,-1
413,1,305.81,199.37,24.368,73.838,-1,-1,-1,-1
414,1,306.92,201.35,24.543,73.633,-1,-1,-1,-1
415,1,309.78,201.98,22.246,72.806,-1,-1,-1,-1
416,1,313.43,203.86,22.687,70.912,-1,-1,-1,-1
417,1,313.09,202.65,27.151,74.227,-1,-1,-1,-1
418,1,317.29,203.66,26.666,74.6,-1,-1,-1,-1
419,1,318.76,203.87,22.657,70.891,-1,-1,-1,-1
420,1,318.14,200.35,26.772,76.564,-1,-1,-1,-1
421,1,321.7,201.28,24.666,73.656,-1,-1,-1,-1
422,1,322.03,200.31,27.003,76.409,-1,-1,-1,-1
423,1,324.72,201.29,25.394,72.813,-1,-1,-1,-1
424,1,324.77,204.26,24.573,73.543,-1,-1,-1,-1
425,1,327.49,203.71,22.194,72.918,-1,-1,-1,-1
426,1,327.17,204.25,24.424,73.693,-1,-1,-1,-1
427,1,327.3,202.2,24.08,75.561,-1,-1,-1,-1
428,1,327.98,203.5,26.515,76.615,-1,-1,-1,-1
429,1,330.87,206.17,24.387,73.721,-1,-1,-1,-1
430,1,331.09,206.94,24,75.902,-1,-1,-1,-1
431,1,332.02,208.78,26.653,76.426,-1,-1,-1,-1
432,1,333.17,208.69,26.634,76.456,-1,-1,-1,-1
433,1,334.3,208.84,26.409,76.408,-1,-1,-1,-1
434,1,336.85,209.14,24.634,73.276,-1,-1,-1,-1
435,1,335.87,204.02,28.779,79.267,-1,-1,-1,-1
436,1,339.32,205.45,26.313,78.834,-1,-1,-1,-1
437,1,339.9,203.89,28.824,81.684,-1,-1,-1,-1
438,1,343.95,205.45,26.325,78.587,-1,-1,-1,-1
439,1,344.1,205.29,26.09,78.582,-1,-1,-1,-1
440,1,345.57,207.12,28.394,81.756,-1,-1,-1,-1
441,1,345.85,207.03,28.391,81.906,-1,-1,-1,-1
442,1,345.87,207.05,28.484,81.948,-1,-1,-1,-1
443,1,348.61,206.55,25.75,78.787,-1,-1,-1,-1
444,1,346.34,203.86,28.235,81.604,-1,-1,-1,-1
445,1,348.5,206.65,26.396,79.864,-1,-1,-1,-1
446,1,344.97,207.05,31.743,81.316,-1,-1,-1,-1
447,1,346.45,207.15,28.05,81.899,-1,-1,-1,-1
448,1,346.77,207.16,28.22,81.719,-1,-1,-1,-1
449,1,346.55,209.37,28.666,81.385,-1,-1,-1,-1
450,1,346.72,209.2,28.415,81.38,-1,-1,-1,-1
451,1,346.64,212.47,28.212,81.973,-1,-1,-1,-1
452,1,349.76,211.28,25.311,83.462,-1,-1,-1,-1
453,1,345.99,212.59,30.902,84.892,-1,-1,-1,-1
454,1,341.35,212.48,30.606,87.437,-1,-1,-1,-1
455,1,345.03,215.51,27.565,87.032,-1,-1,-1,-1
456,1,341.66,215.88,30.666,87.724,-1,-1,-1,-1
457,1,341.63,212.35,30.502,87.553,-1,-1,-1,-1
458,1,344.71,214.51,29.176,84.051,-1,-1,-1,-1
459,1,341.76,215.9,30.403,87.915,-1,-1,-1,-1
460,1,345.47,217.93,28.081,84.369,-1,-1,-1,-1
461,1,347.04,217.68,27.494,87.093,-1,-1,-1,-1
462,1,351.01,217.73,27.406,86.911,-1,-1,-1,-1
463,1,348.11,215.86,29.822,90.247,-1,-1,-1,-1
464,1,351.7,215.74,29.861,90.391,-1,-1,-1,-1
465,1,351.25,214.34,29.35,85.741,-1,-1,-1,-1
466,1,352.47,215.72,30.446,90.1,-1,-1,-1,-1
467,1,352.77,215.73,30.917,89.545,-1,-1,-1,-1
468,1,357.5,217.7,27.845,86.814,-1,-1,-1,-1
469,1,358.73,215.7,29.968,90.432,-1,-1,-1,-1
470,1,357.79,215.06,33.24,90.897,-1,-1,-1,-1
471,1,359.72,215.66,30.172,90.591,-1,-1,-1,-1
472,1,360.41,215.57,29.7,90.342,-1,-1,-1,-1
473,1,364.16,212.08,30.272,90.241,-1,-1,-1,-1
474,1,364.7,212.19,30.17,90.044,-1,-1,-1,-1
475,1,366.17,212.23,30.072,89.914,-1,-1,-1,-1
477,1,370.14,212.18,31.608,88.76,-1,-1,-1,-1
298,29,52.393,181.17,37.382,116.15,-1,-1,-1,-1
299,29,51.799,180.41,37.194,119.29,-1,-1,-1,-1
300,29,48.574,178.46,38.646,126.05,-1,-1,-1,-1
301,29,45.706,177.24,47.091,129.76,-1,-1,-1,-1
302,29,45.669,177.21,46.94,129.69,-1,-1,-1,-1
303,29,46.283,177.08,46.534,130.23,-1,-1,-1,-1
304,29,44.316,173,47.417,137.83,-1,-1,-1,-1
305,29,43.713,172.7,46.934,141.41,-1,-1,-1,-1
306,29,43.622,172.48,47.138,142.45,-1,-1,-1,-1
307,29,37.758,169.23,50.141,148.02,-1,-1,-1,-1
308,29,31.08,168.08,53.708,153.63,-1,-1,-1,-1
309,29,29.366,168.03,44.59,149.18,-1,-1,-1,-1
310,29,30.352,165.39,48.958,155.49,-1,-1,-1,-1
311,29,29.343,161.85,48.957,158.82,-1,-1,-1,-1
312,29,23.534,157.18,56.458,173.9,-1,-1,-1,-1
313,29,12.275,147.93,66.341,192.92,-1,-1,-1,-1
314,29,16.771,151.06,62.117,196.8,-1,-1,-1,-1
315,29,0.91839,147.69,65.164,198.34,-1,-1,-1,-1
316,29,0.30255,143.66,59.138,205.82,-1,-1,-1,-1
396,34,389.03,211.72,20.63,62.404,-1,-1,-1,-1
397,34,388.06,208.81,21.494,62.942,-1,-1,-1,-1
398,34,386.68,197.56,24.614,75.82,-1,-1,-1,-1
399,34,393.84,208.61,19.557,64.392,-1,-1,-1,-1
400,34,391.71,205.98,24.552,72.602,-1,-1,-1,-1
401,34,388.68,204.59,24.955,74.42,-1,-1,-1,-1
402,34,395.5,203,23.994,73.9,-1,-1,-1,-1
404,34,398.13,202.54,25.017,74.001,-1,-1,-1,-1
406,34,399.73,204.41,25.101,74.244,-1,-1,-1,-1
407,34,401.54,203.74,27.52,78.89,-1,-1,-1,-1
408,34,406.13,204.13,28.991,79.931,-1,-1,-1,-1
409,34,407.9,202.21,28.977,84.366,-1,-1,-1,-1
410,34,412.99,199.72,28.401,87.051,-1,-1,-1,-1
411,34,413.95,200.07,28.757,84.772,-1,-1,-1,-1
412,34,414.83,193.64,32.353,94.263,-1,-1,-1,-1
413,34,417.14,195.91,33.195,91.735,-1,-1,-1,-1
414,34,422.22,195.95,33.181,94.194,-1,-1,-1,-1
415,34,423.02,196.13,33.875,91.524,-1,-1,-1,-1
416,34,424.76,191.93,40.06,101.72,-1,-1,-1,-1
417,34,420.69,171.6,43.834,123.16,-1,-1,-1,-1
418,34,430.11,207.54,29.858,82.193,-1,-1,-1,-1
419,34,430.71,206.75,31.944,85.44,-1,-1,-1,-1
420,34,434.3,202.82,34.415,89.123,-1,-1,-1,-1
421,34,436.52,204.43,31.347,88.057,-1,-1,-1,-1
422,34,435.36,202.92,34.376,88.982,-1,-1,-1,-1
423,34,437.73,204.28,31.613,87.924,-1,-1,-1,-1
424,34,441.58,206.79,29.171,86.842,-1,-1,-1,-1
425,34,442.92,204.89,31.948,90.668,-1,-1,-1,-1
426,34,445.28,203.79,36.591,95.5,-1,-1,-1,-1
427,34,449.28,202.38,33.481,94.521,-1,-1,-1,-1
428,34,451.38,203.53,36.056,95.801,-1,-1,-1,-1
429,34,451.78,206.47,36.87,94.835,-1,-1,-1,-1
430,34,453.75,206.79,39.288,99.374,-1,-1,-1,-1
432,34,461.33,206.07,37.384,102.5,-1,-1,-1,-1
433,34,469.99,197.75,37.185,111.29,-1,-1,-1,-1
434,34,468.26,205.9,41.497,106.5,-1,-1,-1,-1
435,34,469.28,202.85,41.412,109.88,-1,-1,-1,-1
436,34,474.61,214.12,24.446,74.402,-1,-1,-1,-1
437,34,476.04,202.87,25.565,85.94,-1,-1,-1,-1
438,34,477.77,203.16,28.047,87.2,-1,-1,-1,-1
439,34,481.22,208.71,26.091,79.735,-1,-1,-1,-1
440,34,482.41,202.94,27.442,87.625,-1,-1,-1,-1
441,34,486.54,202.44,25.253,88.387,-1,-1,-1,-1
442,34,487.41,200.82,27.877,90.005,-1,-1,-1,-1
443,34,488.06,200.74,27.856,89.24,-1,-1,-1,-1
444,34,492.81,200.46,24.964,90.426,-1,-1,-1,-1
445,34,491.73,199.85,30.179,93.231,-1,-1,-1,-1
446,34,493.5,199.77,29.917,96.389,-1,-1,-1,-1
447,34,494.02,199.88,30.164,95.576,-1,-1,-1,-1
448,34,498.78,199.71,29.751,95.513,-1,-1,-1,-1
449,34,501,210.62,28.243,86.129,-1,-1,-1,-1
450,34,505.44,210.41,27.845,89.051,-1,-1,-1,-1
403,33,227.2,200.87,21.151,60.984,-1,-1,-1,-1
404,33,228.56,200.49,21.511,62.306,-1,-1,-1,-1
405,33,229.22,202.8,20.521,59.106,-1,-1,-1,-1
406,33,231.48,205.02,20.336,59.141,-1,-1,-1,-1
407,33,231.98,199.58,20.241,63.778,-1,-1,-1,-1
408,33,235.78,208.99,20.263,57.989,-1,-1,-1,-1
409,33,235.8,204.93,22.078,61.56,-1,-1,-1,-1
410,33,240.27,205.08,20.287,59.147,-1,-1,-1,-1
411,33,240.41,205.02,20.524,59.158,-1,-1,-1,-1
412,33,240.43,205.26,20.126,58.865,-1,-1,-1,-1
413,33,244.44,202.43,20.548,60.644,-1,-1,-1,-1
414,33,244.47,204.83,21.767,61.031,-1,-1,-1,-1
415,33,245.04,204.96,19.687,60.919,-1,-1,-1,-1
416,33,247.56,204.77,22.175,60.911,-1,-1,-1,-1
417,33,248.45,204.87,22.115,60.934,-1,-1,-1,-1
418,33,248.96,201.64,22.032,64.404,-1,-1,-1,-1
419,33,252.16,208.94,20.214,57.667,-1,-1,-1,-1
420,33,252.58,208.21,20.831,55.416,-1,-1,-1,-1
421,33,252.66,204.87,21.986,61.151,-1,-1,-1,-1
422,33,253.79,202.15,22.039,61.935,-1,-1,-1,-1
423,33,253.03,204.82,22.434,60.83,-1,-1,-1,-1
424,33,253.13,204.88,22.482,60.763,-1,-1,-1,-1
425,33,253.05,203.15,22.26,62.657,-1,-1,-1,-1
426,33,256.77,206.5,20.144,59.852,-1,-1,-1,-1
427,33,256.62,206.73,20.248,57.389,-1,-1,-1,-1
428,33,256.56,207.46,20.2,58.775,-1,-1,-1,-1
430,33,256.83,207.43,19.804,62.839,-1,-1,-1,-1
431,33,260,212.92,20.117,59.315,-1,-1,-1,-1
432,33,261.16,211.43,20.096,61.05,-1,-1,-1,-1
433,33,261.5,213.23,22.039,60.156,-1,-1,-1,-1
434,33,261.56,209.1,22.661,61.068,-1,-1,-1,-1
435,33,261.04,206.29,24.815,63.08,-1,-1,-1,-1
436,33,263.59,210.56,21.119,58.431,-1,-1,-1,-1
437,33,264.27,210.54,20.732,58.674,-1,-1,-1,-1
438,33,264.61,212.71,20.578,60.789,-1,-1,-1,-1
439,33,264.17,212.56,20.763,61.057,-1,-1,-1,-1
39,10,337.15,194.87,22.63,70.384,-1,-1,-1,-1
40,10,334.41,183.07,28.327,84.07,-1,-1,-1,-1
41,10,340.81,199.85,20.506,63.776,-1,-1,-1,-1
43,10,341.72,199.29,22.76,65.08,-1,-1,-1,-1
44,10,342.37,198.79,22.242,65.55,-1,-1,-1,-1
45,10,347.82,208.67,20.748,54.483,-1,-1,-1,-1
48,10,348.64,204.54,20.771,56.328,-1,-1,-1,-1
49,10,349.49,206.94,20.97,56.014,-1,-1,-1,-1
50,10,348.73,202.46,22.562,59.7,-1,-1,-1,-1
51,10,349.56,206.92,20.893,56.185,-1,-1,-1,-1
52,10,352.03,206.85,20.893,57.65,-1,-1,-1,-1
53,10,352.6,206.77,20.853,57.645,-1,-1,-1,-1
54,10,352.73,205.18,20.596,59.507,-1,-1,-1,-1
55,10,353.48,202.66,20.466,60.648,-1,-1,-1,-1
56,10,353.73,202.75,20.609,60.866,-1,-1,-1,-1
57,10,356.6,202.7,20.512,60.593,-1,-1,-1,-1
58,10,356.38,204.93,22.302,61.758,-1,-1,-1,-1
59,10,357.62,207.34,21.931,63.613,-1,-1,-1,-1
60,10,359.46,204.27,23.482,68.253,-1,-1,-1,-1
61,10,361.91,205.59,21.36,67.103,-1,-1,-1,-1
62,10,364.03,202.01,22.939,71.834,-1,-1,-1,-1
63,10,364.64,207.55,23.8,65.82,-1,-1,-1,-1
64,10,369.34,208.84,22.211,66.748,-1,-1,-1,-1
65,10,372.72,208.82,20.21,65.819,-1,-1,-1,-1
66,10,373.67,209.36,21.762,71.926,-1,-1,-1,-1
67,10,373.83,208.53,23.282,71.845,-1,-1,-1,-1
68,10,375.02,206.45,25.647,72.805,-1,-1,-1,-1
69,10,376.08,203.52,26.652,77.912,-1,-1,-1,-1
70,10,379.9,204.3,25.475,78.733,-1,-1,-1,-1
71,10,380.65,203.63,27.332,80.026,-1,-1,-1,-1
72,10,386.62,204.99,23.341,77.107,-1,-1,-1,-1
73,10,389.92,202.43,24.605,80.512,-1,-1,-1,-1
74,10,391.52,200.05,26.711,81.677,-1,-1,-1,-1
75,10,396.84,197.76,26.242,83.531,-1,-1,-1,-1
76,10,396.45,197.53,30.523,91.281,-1,-1,-1,-1
77,10,400.79,198.04,31.261,88.531,-1,-1,-1,-1
78,10,403.13,195.67,28.301,87.017,-1,-1,-1,-1
79,10,407.27,194.11,30.632,91.045,-1,-1,-1,-1
80,10,409.82,190.84,32.633,100.93,-1,-1,-1,-1
81,10,411.84,189.06,35.333,104.38,-1,-1,-1,-1
82,10,413.18,188.96,34.981,104.22,-1,-1,-1,-1
83,10,416.27,197.11,41.233,106.46,-1,-1,-1,-1
84,10,416.38,194.57,41.26,110.04,-1,-1,-1,-1
85,10,422.61,191.5,44.189,117.96,-1,-1,-1,-1
86,10,429.01,194.54,44.488,117.46,-1,-1,-1,-1
87,10,434.92,193.56,40.575,119.71,-1,-1,-1,-1
88,10,441.45,195.68,40.533,123.28,-1,-1,-1,-1
89,10,448.86,198.15,40.71,126.21,-1,-1,-1,-1
90,10,454.35,195.89,41.223,119.54,-1,-1,-1,-1
91,10,452.85,192.47,45.995,135.46,-1,-1,-1,-1
92,10,462.24,187.7,44.658,131.84,-1,-1,-1,-1
93,10,473.2,178.73,42.432,131.65,-1,-1,-1,-1
94,10,475.93,172.94,53.774,152.98,-1,-1,-1,-1
95,10,482.01,168.48,63.528,165.27,-1,-1,-1,-1
96,10,495.3,179.07,54.617,166.13,-1,-1,-1,-1
97,10,506.67,180.15,54.211,157.02,-1,-1,-1,-1
98,10,517.09,175.87,53.45,161.45,-1,-1,-1,-1
99,10,524.59,170.4,61.385,184.39,-1,-1,-1,-1
100,10,532.86,159.23,70.132,201.47,-1,-1,-1,-1
101,10,539.53,152.17,77.414,215.69,-1,-1,-1,-1
102,10,558.24,161.5,72.795,200.17,-1,-1,-1,-1
315,14,221.37,209.88,24.81,78.571,-1,-1,-1,-1
316,14,217.01,209.69,27.002,82.01,-1,-1,-1,-1
317,14,215.15,215.63,25.372,74.317,-1,-1,-1,-1
318,14,216.09,211.69,24.912,78.523,-1,-1,-1,-1
319,14,211.81,211.44,26.663,81.845,-1,-1,-1,-1
320,14,210.16,204.52,28.406,89.458,-1,-1,-1,-1
321,14,206.49,204.07,30.696,91.345,-1,-1,-1,-1
322,14,201.16,202.26,32.937,94.785,-1,-1,-1,-1
323,14,194.19,199.54,33.014,97.945,-1,-1,-1,-1
324,14,188.84,197.15,33.405,97.739,-1,-1,-1,-1
325,14,187.49,197.14,33.725,97.345,-1,-1,-1,-1
326,14,184.87,196.04,39.283,108.35,-1,-1,-1,-1
327,14,186.03,197.29,36.057,107.19,-1,-1,-1,-1
328,14,182.37,194.4,42.014,115.71,-1,-1,-1,-1
329,14,185.19,196.98,38.355,111.48,-1,-1,-1,-1
330,14,185.68,193.56,37.467,117.66,-1,-1,-1,-1
331,14,178.48,193.2,44.562,124.12,-1,-1,-1,-1
332,14,176.94,192.31,40.461,125.71,-1,-1,-1,-1
333,14,177.01,195.21,40.39,125.48,-1,-1,-1,-1
334,14,175.72,194.79,39.699,126.67,-1,-1,-1,-1
335,14,172.12,192.03,46.816,136.16,-1,-1,-1,-1
336,14,165.33,188.33,45.972,140.24,-1,-1,-1,-1
337,14,164.68,187.23,50.757,145.62,-1,-1,-1,-1
339,14,156.09,182.62,50.552,154.16,-1,-1,-1,-1
340,14,154.1,181.15,53.806,165,-1,-1,-1,-1
341,14,149.06,179.7,56.911,168.98,-1,-1,-1,-1
342,14,148.57,175.32,55.791,174,-1,-1,-1,-1
343,14,141.32,169.01,66.229,188.39,-1,-1,-1,-1
344,14,133.18,171.82,60.774,184.33,-1,-1,-1,-1
345,14,124.79,159.56,70.194,199.47,-1,-1,-1,-1
346,14,125.85,152.8,69.122,213.55,-1,-1,-1,-1
347,14,96.92,146.18,81.09,234.46,-1,-1,-1,-1
348,14,88.059,151.81,73.793,240.93,-1,-1,-1,-1
349,14,77.4,147.79,79.74,252.48,-1,-1,-1,-1
350,14,68.372,142.26,82.841,267.72,-1,-1,-1,-1
351,14,55.094,134.63,89.643,287.12,-1,-1,-1,-1
352,14,33.613,131.84,98.929,300.53,-1,-1,-1,-1
353,14,18.939,116.95,113.64,343.11,-1,-1,-1,-1
354,14,7.6913,110.43,119.03,349.05,-1,-1,-1,-1
127,26,199,194.82,28.548,88.089,-1,-1,-1,-1
128,26,194.97,198.53,27.954,76.982,-1,-1,-1,-1
129,26,196.32,198.8,24.983,76.48,-1,-1,-1,-1
130,26,192.36,198.76,25.093,78.34,-1,-1,-1,-1
131,26,188.96,201.51,24.498,78.737,-1,-1,-1,-1
132,26,185.92,205.13,27.729,77.243,-1,-1,-1,-1
133,26,181.26,200.55,29.226,87.443,-1,-1,-1,-1
134,26,180.1,202.89,26.975,79.621,-1,-1,-1,-1
136,26,173.41,199.76,27.144,79.482,-1,-1,-1,-1
137,26,169.42,199.79,27.143,79.471,-1,-1,-1,-1
138,26,164.56,197.67,29.101,82.911,-1,-1,-1,-1
139,26,163.8,197.61,27.128,79.892,-1,-1,-1,-1
140,26,163.55,199.86,27.385,77.565,-1,-1,-1,-1
141,26,162.82,199.82,27.604,77.657,-1,-1,-1,-1
142,26,158.31,197.55,29.262,80.643,-1,-1,-1,-1
143,26,153.76,194.46,29.697,80.342,-1,-1,-1,-1
144,26,153.84,192.43,26.962,82.12,-1,-1,-1,-1
145,26,153,189.32,27.336,79.369,-1,-1,-1,-1
146,26,152.82,190.93,25.184,76.449,-1,-1,-1,-1
147,26,153.28,193.78,25.075,76.759,-1,-1,-1,-1
148,26,152.56,195.82,25.2,76.438,-1,-1,-1,-1
150,26,148.28,199.69,27.093,77.597,-1,-1,-1,-1
151,26,147.68,200.48,24.804,76.902,-1,-1,-1,-1
98,13,393.47,205.96,25.341,76.224,-1,-1,-1,-1
99,13,391.42,203.78,27.258,79.348,-1,-1,-1,-1
100,13,396.18,201.39,26.369,83.476,-1,-1,-1,-1
101,13,393.97,198.23,30.813,88.863,-1,-1,-1,-1
102,13,400.61,199.15,28.355,87.209,-1,-1,-1,-1
103,13,400.1,198.41,31.054,88.284,-1,-1,-1,-1
104,13,403.24,199.47,28.473,86.993,-1,-1,-1,-1
105,13,407.02,195.97,31.13,93.064,-1,-1,-1,-1
107,13,410.46,193.3,32.987,97.061,-1,-1,-1,-1
108,13,411.52,186.83,35.654,103.67,-1,-1,-1,-1
109,13,416.56,186.88,35.526,103.79,-1,-1,-1,-1
110,13,416.96,186.89,35.736,103.57,-1,-1,-1,-1
111,13,416.86,188.54,38.585,107.84,-1,-1,-1,-1
112,13,415.35,186.53,41.434,112.73,-1,-1,-1,-1
113,13,418.81,185.69,38.252,110.9,-1,-1,-1,-1
114,13,422.76,183.13,40.025,116.85,-1,-1,-1,-1
115,13,424.07,179.92,39.885,119.1,-1,-1,-1,-1
116,13,426.4,176.21,43.214,127.73,-1,-1,-1,-1
117,13,427.94,179.39,43.413,124.99,-1,-1,-1,-1
118,13,430.39,179.17,42.787,128.62,-1,-1,-1,-1
119,13,432.75,175.88,41.89,132.33,-1,-1,-1,-1
120,13,433.95,173.34,44.507,137.69,-1,-1,-1,-1
121,13,434.73,167.5,49.652,147.08,-1,-1,-1,-1
122,13,441.15,163.77,49.915,150.44,-1,-1,-1,-1
123,13,434.68,158.38,52.3,157.86,-1,-1,-1,-1
124,13,439.78,157.99,56.429,174.55,-1,-1,-1,-1
125,13,442.37,158.16,56.651,173.91,-1,-1,-1,-1
126,13,449.85,158.4,59.588,180.7,-1,-1,-1,-1
127,13,451.89,153.5,59.05,185.96,-1,-1,-1,-1
128,13,457.47,152.07,62.928,193.5,-1,-1,-1,-1
129,13,459.58,140.2,68.276,207.38,-1,-1,-1,-1
130,13,462.32,137.44,80.436,218.35,-1,-1,-1,-1
131,13,468.3,137.08,79.983,224.37,-1,-1,-1,-1
132,13,492.54,145.48,73.965,229.12,-1,-1,-1,-1
133,13,498.61,129.52,78.415,245.25,-1,-1,-1,-1
134,13,512.58,124.72,92.025,274.52,-1,-1,-1,-1
135,13,514.17,113.8,97.292,284.25,-1,-1,-1,-1
136,13,524.68,105.44,112.61,315.82,-1,-1,-1,-1
137,13,554.77,186.19,72.643,217.14,-1,-1,-1,-1
195,3,223.82,200.51,20.552,66.151,-1,-1,-1,-1
196,3,222.79,212.32,21.64,54.222,-1,-1,-1,-1
197,3,222.67,212.48,21.721,54.18,-1,-1,-1,-1
198,3,223.28,214.79,21.454,54.335,-1,-1,-1,-1
199,3,221.86,215.16,23.14,56.094,-1,-1,-1,-1
200,3,222.98,216.46,21.627,55.729,-1,-1,-1,-1
201,3,222.75,216.32,21.454,55.709,-1,-1,-1,-1
202,3,222.55,216.01,21.368,57.317,-1,-1,-1,-1
203,3,220.45,214.57,21.185,57.556,-1,-1,-1,-1
204,3,222.5,216.14,21.372,57.446,-1,-1,-1,-1
205,3,222.71,214.52,21.305,57.493,-1,-1,-1,-1
206,3,224.44,214.63,21.419,57.57,-1,-1,-1,-1
207,3,223.56,213.03,21.226,59.068,-1,-1,-1,-1
208,3,224.78,211.25,20.83,62.602,-1,-1,-1,-1
209,3,222.72,211.41,22.614,63.391,-1,-1,-1,-1
210,3,223.92,212.82,20.93,60.923,-1,-1,-1,-1
211,3,225.23,212.89,21.353,59.224,-1,-1,-1,-1
212,3,222.05,208.84,22.451,64.778,-1,-1,-1,-1
213,3,223.8,209.88,22.454,63.34,-1,-1,-1,-1
214,3,223.88,208.66,22.731,63.299,-1,-1,-1,-1
215,3,223.41,210.05,22.639,64.941,-1,-1,-1,-1
216,3,221.9,209.8,23.681,66.011,-1,-1,-1,-1
217,3,221.93,211.47,23.64,65.879,-1,-1,-1,-1
218,3,218.76,211.26,22.113,66.586,-1,-1,-1,-1
219,3,218.45,209.51,22.064,68.571,-1,-1,-1,-1
220,3,217.85,209.47,25.895,68.11,-1,-1,-1,-1
221,3,217.24,207.53,25.76,70.223,-1,-1,-1,-1
222,3,217.04,210.66,26.155,70.545,-1,-1,-1,-1
223,3,217.04,210.66,26.155,70.545,-1,-1,-1,-1
224,3,213.3,207.66,25.887,72.147,-1,-1,-1,-1
225,3,211.12,208.13,23.51,73.17,-1,-1,-1,-1
226,3,210.46,203.88,25.528,76.43,-1,-1,-1,-1
227,3,203.19,201.11,30.265,83.438,-1,-1,-1,-1
228,3,205.57,201.03,27.13,81.714,-1,-1,-1,-1
229,3,205.55,201.01,27.043,81.675,-1,-1,-1,-1
230,3,205.57,201.03,27.13,81.714,-1,-1,-1,-1
231,3,202.96,201.03,29.38,85.493,-1,-1,-1,-1
232,3,202.78,201.14,29.137,85.521,-1,-1,-1,-1
233,3,203.08,200.82,29.211,87.788,-1,-1,-1,-1
234,3,199.62,197.69,31.186,90.779,-1,-1,-1,-1
235,3,199.68,195.25,30.96,93.367,-1,-1,-1,-1
236,3,195.81,193.02,33.551,96.92,-1,-1,-1,-1
237,3,195.49,197.1,30.265,93.125,-1,-1,-1,-1
238,3,193.21,195.92,36.427,100.98,-1,-1,-1,-1
239,3,194.51,200.9,30.486,95.92,-1,-1,-1,-1
240,3,193.2,199.61,35.983,104.27,-1,-1,-1,-1
241,3,192.96,198.23,39.124,104.75,-1,-1,-1,-1
242,3,192.44,195.35,38.742,107.85,-1,-1,-1,-1
243,3,192.38,194.95,38.312,110.94,-1,-1,-1,-1
244,3,190.86,193.61,41.396,115.39,-1,-1,-1,-1
245,3,191.43,193.81,41.416,114.79,-1,-1,-1,-1
246,3,189.49,190.78,44.32,123.34,-1,-1,-1,-1
247,3,197.39,186.78,43.511,131.04,-1,-1,-1,-1
248,3,195.35,180.91,51.26,137.17,-1,-1,-1,-1
249,3,197.86,186.88,42.967,130.14,-1,-1,-1,-1
250,3,194.03,186.1,46.876,135.45,-1,-1,-1,-1
251,3,193.58,186.06,46.462,136.16,-1,-1,-1,-1
252,3,194.19,178.4,45.064,147.23,-1,-1,-1,-1
253,3,197.63,171.38,48.444,154.22,-1,-1,-1,-1
254,3,200.36,167.37,52.376,159.63,-1,-1,-1,-1
255,3,206.71,165.91,49.207,160.69,-1,-1,-1,-1
256,3,206.11,162.4,61.105,172.25,-1,-1,-1,-1
257,3,203.74,164.02,55.582,177.6,-1,-1,-1,-1
258,3,194.97,157.27,61.543,183.25,-1,-1,-1,-1
259,3,193.17,152.6,60.592,188.07,-1,-1,-1,-1
260,3,191.36,145.11,64.055,207.21,-1,-1,-1,-1
261,3,175.91,141.61,76.332,218.06,-1,-1,-1,-1
262,3,164.09,139.81,74.034,224.5,-1,-1,-1,-1
263,3,150.58,143.32,72.927,236.8,-1,-1,-1,-1
264,3,138.89,137.1,82.49,258.15,-1,-1,-1,-1
265,3,116.83,126.58,97.99,295.66,-1,-1,-1,-1
266,3,108.7,129.42,91.462,284.1,-1,-1,-1,-1
267,3,94.063,117.69,97.142,313.31,-1,-1,-1,-1
268,3,63.805,101.65,114.38,340.34,-1,-1,-1,-1
269,3,42.116,92.015,112.34,350.16,-1,-1,-1,-1
270,3,18.428,84.005,108.57,361,-1,-1,-1,-1
81,7,314.69,213.31,22.204,49.766,-1,-1,-1,-1
84,7,315.51,213.89,21.561,53.406,-1,-1,-1,-1
85,7,315.48,217.04,21.016,61.379,-1,-1,-1,-1
86,7,315.45,219.36,21.751,51.811,-1,-1,-1,-1
87,7,315.91,220.94,21.823,51.676,-1,-1,-1,-1
88,7,315.73,221.07,21.883,51.307,-1,-1,-1,-1
89,7,318.37,219.37,21.792,53.229,-1,-1,-1,-1
91,7,318.85,215.3,21.694,54.999,-1,-1,-1,-1
92,7,319.19,216.91,22.059,51.523,-1,-1,-1,-1
93,7,319.15,215.27,21.639,53.075,-1,-1,-1,-1
94,7,319.72,214.59,21.881,51.386,-1,-1,-1,-1
95,7,320.08,213.01,21.744,53.122,-1,-1,-1,-1
96,7,316.75,214.03,23.253,56.752,-1,-1,-1,-1
97,7,316.29,213.85,21.582,56.322,-1,-1,-1,-1
98,7,316.21,213.83,21.365,54.598,-1,-1,-1,-1
99,7,316.43,213.55,21.181,56.377,-1,-1,-1,-1
100,7,316.14,211.29,21.614,56.032,-1,-1,-1,-1
101,7,316.93,211.23,21.5,56.76,-1,-1,-1,-1
102,7,315.81,213.48,21.146,56.647,-1,-1,-1,-1
103,7,316.04,213.67,21.359,56.288,-1,-1,-1,-1
104,7,315.83,211.29,21.407,57.723,-1,-1,-1,-1
105,7,315.93,211.3,21.271,56.268,-1,-1,-1,-1
106,7,316.75,210.99,21.172,58.134,-1,-1,-1,-1
107,7,315.38,209.73,21.401,57.888,-1,-1,-1,-1
108,7,315.49,209.56,21.254,57.9,-1,-1,-1,-1
109,7,315.48,209.59,21.157,57.854,-1,-1,-1,-1
110,7,313.2,208.09,23.044,60.15,-1,-1,-1,-1
111,7,312.35,209.58,21.139,59.52,-1,-1,-1,-1
112,7,311.88,209.49,21.033,59.537,-1,-1,-1,-1
113,7,308.9,209.53,20.968,59.386,-1,-1,-1,-1
114,7,308,209.35,20.848,61.064,-1,-1,-1,-1
115,7,305.33,207.72,22.459,61.843,-1,-1,-1,-1
116,7,304.92,205.92,22.361,63.895,-1,-1,-1,-1
117,7,302.88,206.54,24.463,64.378,-1,-1,-1,-1
118,7,303.45,205.9,22.222,65.584,-1,-1,-1,-1
119,7,298.95,206.4,24.205,66.405,-1,-1,-1,-1
120,7,298.74,206.04,23.928,67.424,-1,-1,-1,-1
121,7,294.55,204.41,23.903,68.451,-1,-1,-1,-1
122,7,290.81,201.88,25.879,71.043,-1,-1,-1,-1
123,7,286.17,199.83,25.753,71.002,-1,-1,-1,-1
125,7,285.88,201.86,25.877,71.102,-1,-1,-1,-1
126,7,285.54,208.69,23.617,68.864,-1,-1,-1,-1
127,7,279.05,206,27.759,73.852,-1,-1,-1,-1
128,7,274.34,203.89,27.561,76.47,-1,-1,-1,-1
129,7,271.29,204.09,29.741,79.422,-1,-1,-1,-1
130,7,269.62,204.24,30.1,79.264,-1,-1,-1,-1
131,7,268.23,206.61,27.223,79.162,-1,-1,-1,-1
132,7,265.04,207.31,29.305,82.022,-1,-1,-1,-1
133,7,262.79,206.53,26.939,81.166,-1,-1,-1,-1
134,7,258.67,208.62,27.038,80.97,-1,-1,-1,-1
135,7,254.35,206.24,26.382,84.448,-1,-1,-1,-1
136,7,249.53,206.95,29.26,84.669,-1,-1,-1,-1
137,7,247.49,204.13,31.75,87.954,-1,-1,-1,-1
138,7,240.54,202.46,34.55,91.269,-1,-1,-1,-1
139,7,236.21,196.85,36.933,94.58,-1,-1,-1,-1
140,7,236.57,200.57,31.432,87.417,-1,-1,-1,-1
141,7,233.35,202.44,34.064,91.043,-1,-1,-1,-1
142,7,227.27,199.44,33.287,96.499,-1,-1,-1,-1
143,7,222.03,196.38,36.365,97.509,-1,-1,-1,-1
144,7,214.46,190.06,42.608,104.89,-1,-1,-1,-1
145,7,215.53,186.37,35.513,103.19,-1,-1,-1,-1
146,7,214.1,183.7,35.393,106.17,-1,-1,-1,-1
147,7,206.88,186.48,42.218,109.17,-1,-1,-1,-1
148,7,208.44,189.63,37.98,110.84,-1,-1,-1,-1
149,7,207.53,195.24,38.357,107.88,-1,-1,-1,-1
150,7,199.94,194.15,41.655,112.18,-1,-1,-1,-1
151,7,199.77,193.79,41.481,115.2,-1,-1,-1,-1
152,7,198.39,193.75,41.372,115.31,-1,-1,-1,-1
153,7,189.23,191.05,44.528,123.29,-1,-1,-1,-1
154,7,191.64,198.19,41.273,119.13,-1,-1,-1,-1
155,7,187.09,195.86,44.29,124.05,-1,-1,-1,-1
156,7,180.51,195.52,42.997,127.7,-1,-1,-1,-1
157,7,174.33,191.63,46.124,136.63,-1,-1,-1,-1
158,7,167.05,183.83,54.5,147.21,-1,-1,-1,-1
159,7,159.44,183.24,53.919,151,-1,-1,-1,-1
160,7,157.42,179.14,53.78,152.09,-1,-1,-1,-1
161,7,155.65,178.69,53.781,156.18,-1,-1,-1,-1
162,7,158.82,170.08,52.611,165.7,-1,-1,-1,-1
163,7,147.22,178.27,52.798,160.62,-1,-1,-1,-1
164,7,135.68,176.1,57.659,168.59,-1,-1,-1,-1
165,7,135.05,175.94,56.567,172.43,-1,-1,-1,-1
166,7,130.37,174.5,61.5,175.27,-1,-1,-1,-1
167,7,117.35,169.15,65.909,187.26,-1,-1,-1,-1
168,7,104.01,156.87,77.208,207.43,-1,-1,-1,-1
169,7,99.85,156.91,76.925,207.88,-1,-1,-1,-1
170,7,89.313,155.8,74.644,220.09,-1,-1,-1,-1
171,7,87.836,156.79,76.761,213.95,-1,-1,-1,-1
172,7,82.334,161.57,69.119,212.66,-1,-1,-1,-1
173,7,71.443,166.59,69.298,207.96,-1,-1,-1,-1
174,7,45.261,138.35,84.842,260.35,-1,-1,-1,-1
175,7,23.46,131.13,96.707,305.26,-1,-1,-1,-1
176,7,14.481,121.35,99.253,290.87,-1,-1,-1,-1
177,7,-5.4382,117.41,115.05,322.91,-1,-1,-1,-1
224,31,231.4,209.08,20.381,59.557,-1,-1,-1,-1
225,31,231.04,210.62,21.218,58.944,-1,-1,-1,-1
226,31,231.67,209.13,20.421,59.271,-1,-1,-1,-1
227,31,231.36,208.98,20.187,61.244,-1,-1,-1,-1
228,31,231.6,207.59,20.133,61.129,-1,-1,-1,-1
229,31,231.96,207.55,20.098,61.344,-1,-1,-1,-1
230,31,230.99,207.57,21.897,61.684,-1,-1,-1,-1
231,31,231.42,207.27,21.459,63.839,-1,-1,-1,-1
232,31,231.93,207.19,20.698,62.702,-1,-1,-1,-1
233,31,231.71,208.85,21.012,60.963,-1,-1,-1,-1
234,31,231.97,207.3,19.867,63.002,-1,-1,-1,-1
235,31,232.5,207.11,19.706,63.556,-1,-1,-1,-1
236,31,231.63,205.43,21.285,65.869,-1,-1,-1,-1
237,31,231.92,208.67,20.557,62.39,-1,-1,-1,-1
238,31,233.37,208.65,20.021,62.515,-1,-1,-1,-1
239,31,232.67,211.1,19.377,63.499,-1,-1,-1,-1
240,31,236.22,211.16,21.98,66.672,-1,-1,-1,-1
242,31,236.15,210.88,22.167,67.083,-1,-1,-1,-1
244,31,236.47,211.2,21.412,65.465,-1,-1,-1,-1
245,31,241.42,210.83,21.38,68.09,-1,-1,-1,-1
246,31,243.7,210.89,22.427,69.958,-1,-1,-1,-1
249,31,258.36,209.26,20.236,68.952,-1,-1,-1,-1
250,31,260.92,218.31,20.134,59.565,-1,-1,-1,-1
251,31,261.78,219.26,22.265,58.959,-1,-1,-1,-1
252,31,264.6,218.56,21.09,56.94,-1,-1,-1,-1
253,31,272.57,215.33,20.389,60.335,-1,-1,-1,-1
254,31,279.94,215.38,20.259,60.135,-1,-1,-1,-1
255,31,288.71,214.35,20.4,58.367,-1,-1,-1,-1
256,31,294.42,202.53,23.223,70.212,-1,-1,-1,-1
410,23,333.33,218.76,20.425,55.228,-1,-1,-1,-1
411,23,336.43,226.23,21.099,59.809,-1,-1,-1,-1
413,23,336.66,217.35,20.673,56.15,-1,-1,-1,-1
414,23,338.35,216.25,22.26,60.198,-1,-1,-1,-1
415,23,339.74,226.36,22.088,49.707,-1,-1,-1,-1
416,23,340.45,226.61,22.437,51.255,-1,-1,-1,-1
418,23,343.59,217.72,21.542,60.552,-1,-1,-1,-1
419,23,347.11,216.14,21.951,61.969,-1,-1,-1,-1
421,23,347.89,216.29,22.114,60.055,-1,-1,-1,-1
422,23,353.02,217.08,20.525,58.127,-1,-1,-1,-1
423,23,352.43,212.74,21.746,65.248,-1,-1,-1,-1
424,23,353.46,219.35,19.989,60.033,-1,-1,-1,-1
425,23,352.85,212.61,21.555,65.343,-1,-1,-1,-1
426,23,353.13,216.39,23.733,64.171,-1,-1,-1,-1
427,23,356.42,212.59,21.673,65.43,-1,-1,-1,-1
428,23,356.64,219.62,20.12,59.59,-1,-1,-1,-1
429,23,357.82,230.42,25.616,54.724,-1,-1,-1,-1
430,23,360.72,231.74,22.982,62.009,-1,-1,-1,-1
431,23,363.96,234.84,21.562,53.079,-1,-1,-1,-1
432,23,365.31,220.99,21.38,65.847,-1,-1,-1,-1
433,23,367.77,232.65,21.873,52.827,-1,-1,-1,-1
434,23,367.93,216.19,22.878,70.559,-1,-1,-1,-1
435,23,367.42,216.37,23.506,68.068,-1,-1,-1,-1
436,23,367.06,205.72,29.094,81.128,-1,-1,-1,-1
437,23,368.46,216.35,23.305,67.878,-1,-1,-1,-1
438,23,373.35,223.21,20.167,61.424,-1,-1,-1,-1
439,23,373.09,221.65,19.934,61.473,-1,-1,-1,-1
440,23,373.7,224.26,22.052,61.785,-1,-1,-1,-1
441,23,374.44,224.35,21.978,62.034,-1,-1,-1,-1
442,23,377.16,223.25,20.205,62.47,-1,-1,-1,-1
443,23,377.28,223.33,20.091,61.36,-1,-1,-1,-1
444,23,374.49,214.36,25.067,71.387,-1,-1,-1,-1
445,23,374.7,214.51,25.132,73.179,-1,-1,-1,-1
447,23,374.21,217.57,25.355,72.464,-1,-1,-1,-1
448,23,377.62,225.83,19.99,62.585,-1,-1,-1,-1
449,23,377.91,228.61,21.95,61.806,-1,-1,-1,-1
450,23,378.07,226.78,21.63,65.358,-1,-1,-1,-1
451,23,378.37,231.09,21.802,63.986,-1,-1,-1,-1
452,23,377.22,229.74,23.488,66.453,-1,-1,-1,-1
453,23,377.18,229.75,23.445,68.269,-1,-1,-1,-1
454,23,374.42,233.8,25.705,66.979,-1,-1,-1,-1
455,23,378.11,233.8,22.923,69.565,-1,-1,-1,-1
456,23,377.63,235.1,21.266,66.233,-1,-1,-1,-1
457,23,378.55,242.57,21.713,58.663,-1,-1,-1,-1
459,23,380.81,241.14,24.018,60.572,-1,-1,-1,-1
460,23,381.23,244.49,24.836,60.842,-1,-1,-1,-1
461,23,383.79,233.79,25.276,70.791,-1,-1,-1,-1
462,23,389.49,245.8,20.363,58.326,-1,-1,-1,-1
463,23,388.46,247.81,26.866,60.799,-1,-1,-1,-1
464,23,391.03,244.05,24.166,60.447,-1,-1,-1,-1
465,23,393.53,244.28,19.991,59.765,-1,-1,-1,-1
466,23,395.06,244.32,22.225,60.205,-1,-1,-1,-1
467,23,394.25,244.35,26.208,60.518,-1,-1,-1,-1
468,23,395.75,245.7,24.039,60.457,-1,-1,-1,-1
469,23,397.23,244.83,27.101,62.626,-1,-1,-1,-1
470,23,399.3,244.19,26.064,62.457,-1,-1,-1,-1
471,23,399.75,244.38,24.71,62.487,-1,-1,-1,-1
472,23,400.59,244.1,28.554,73.777,-1,-1,-1,-1
473,23,403.68,244.83,26.119,73.041,-1,-1,-1,-1
474,23,402.44,241.71,30.543,76.564,-1,-1,-1,-1
475,23,406.84,241.9,27.994,75.91,-1,-1,-1,-1
477,23,406.69,237.12,32.08,81.36,-1,-1,-1,-1
479,23,412,239.59,27.308,80.564,-1,-1,-1,-1
480,23,411.79,236.81,27.849,73.515,-1,-1,-1,-1
481,23,412.37,236.97,27.733,73.221,-1,-1,-1,-1
482,23,416.17,237.21,22.775,61.962,-1,-1,-1,-1
483,23,412.55,233.33,32.633,81.289,-1,-1,-1,-1
