89,18,513.16,454.06,97.492,294.47,-1,-1,-1,-1
90,18,513.16,454.06,97.492,294.47,-1,-1,-1,-1
91,18,513.16,454.06,97.492,294.47,-1,-1,-1,-1
92,18,513.16,454.06,97.492,294.47,-1,-1,-1,-1
93,18,507.69,444.35,104.56,315.68,-1,-1,-1,-1
94,18,513.16,454.06,97.492,294.47,-1,-1,-1,-1
95,18,507.69,444.35,104.56,315.68,-1,-1,-1,-1
96,18,507.69,444.35,104.56,315.68,-1,-1,-1,-1
97,18,507.69,444.35,104.56,315.68,-1,-1,-1,-1
98,18,507.69,444.35,104.56,315.68,-1,-1,-1,-1
99,18,507.69,444.35,104.56,315.68,-1,-1,-1,-1
100,18,507.69,444.35,104.56,315.68,-1,-1,-1,-1
101,18,507.69,444.35,104.56,315.68,-1,-1,-1,-1
102,18,507.69,444.35,104.56,315.68,-1,-1,-1,-1
103,18,507.69,444.35,104.56,315.68,-1,-1,-1,-1
104,18,507.69,444.35,104.56,315.68,-1,-1,-1,-1
105,18,513.16,454.06,97.492,294.47,-1,-1,-1,-1
106,18,498.8,430.92,112.14,338.41,-1,-1,-1,-1
107,18,498.8,430.92,112.14,338.41,-1,-1,-1,-1
109,18,498.8,430.92,112.14,338.41,-1,-1,-1,-1
110,18,521.43,430.92,112.14,338.41,-1,-1,-1,-1
111,18,521.43,430.92,112.14,338.41,-1,-1,-1,-1
112,18,507.69,444.35,104.56,315.68,-1,-1,-1,-1
113,18,513.16,473.76,97.492,294.47,-1,-1,-1,-1
1,9,1359.1,413.27,120.26,362.77,-1,-1,-1,-1
2,9,1359.1,413.27,120.26,362.77,-1,-1,-1,-1
3,9,1359.1,413.27,120.26,362.77,-1,-1,-1,-1
4,9,1383.3,413.27,120.26,362.77,-1,-1,-1,-1
5,9,1383.3,413.27,120.26,362.77,-1,-1,-1,-1
6,9,1407.6,413.27,120.26,362.77,-1,-1,-1,-1
7,9,1393.9,391.01,138.29,416.86,-1,-1,-1,-1
8,9,1404.6,390.88,128.96,388.88,-1,-1,-1,-1
9,9,1421.7,391.01,138.29,416.86,-1,-1,-1,-1
10,9,1430.6,416.87,128.96,388.88,-1,-1,-1,-1
11,9,1430.6,390.88,128.96,388.88,-1,-1,-1,-1
12,9,1449.6,391.01,138.29,416.86,-1,-1,-1,-1
13,9,1434.1,389.14,148.29,446.86,-1,-1,-1,-1
14,9,1449.6,391.01,138.29,416.86,-1,-1,-1,-1
15,9,1449.6,391.01,138.29,416.86,-1,-1,-1,-1
16,9,1449.6,391.01,138.29,416.86,-1,-1,-1,-1
17,9,1456.6,416.87,128.96,388.88,-1,-1,-1,-1
18,9,1449.6,391.01,138.29,416.86,-1,-1,-1,-1
19,9,1477.5,391.01,138.29,416.86,-1,-1,-1,-1
20,9,1504.6,413.27,120.26,362.77,-1,-1,-1,-1
21,9,1505.3,391.01,138.29,416.86,-1,-1,-1,-1
22,9,1528.8,413.27,120.26,362.77,-1,-1,-1,-1
23,9,1505.3,391.01,138.29,416.86,-1,-1,-1,-1
24,9,1553.6,389.14,148.29,446.86,-1,-1,-1,-1
25,9,1553.6,389.14,148.29,446.86,-1,-1,-1,-1
26,9,1583.4,389.14,148.29,446.86,-1,-1,-1,-1
27,9,1583.4,389.14,148.29,446.86,-1,-1,-1,-1
28,9,1583.4,389.14,148.29,446.86,-1,-1,-1,-1
29,9,1613.3,389.14,148.29,446.86,-1,-1,-1,-1
30,9,1613.3,389.14,148.29,446.86,-1,-1,-1,-1
31,9,1613.3,389.14,148.29,446.86,-1,-1,-1,-1
32,9,1613.3,389.14,148.29,446.86,-1,-1,-1,-1
33,9,1613.3,389.14,148.29,446.86,-1,-1,-1,-1
34,9,1643.1,389.14,148.29,446.86,-1,-1,-1,-1
35,9,1643.1,389.14,148.29,446.86,-1,-1,-1,-1
36,9,1643.1,389.14,148.29,446.86,-1,-1,-1,-1
37,9,1643.1,389.14,148.29,446.86,-1,-1,-1,-1
38,9,1643.1,389.14,148.29,446.86,-1,-1,-1,-1
39,9,1673,389.14,148.29,446.86,-1,-1,-1,-1
40,9,1681.5,378.26,170.48,513.45,-1,-1,-1,-1
41,9,1681.5,378.26,170.48,513.45,-1,-1,-1,-1
42,9,1715.8,378.26,170.48,513.45,-1,-1,-1,-1
43,9,1732.7,389.14,148.29,446.86,-1,-1,-1,-1
44,9,1750.1,378.26,170.48,513.45,-1,-1,-1,-1
45,9,1750.1,378.26,170.48,513.45,-1,-1,-1,-1
242,20,845.49,338.79,210.12,632.36,-1,-1,-1,-1
243,20,825.55,340.52,241.51,726.54,-1,-1,-1,-1
244,20,815.59,363.04,225.27,677.82,-1,-1,-1,-1
245,20,845.49,381.02,210.12,632.36,-1,-1,-1,-1
246,20,860.84,363.04,225.27,677.82,-1,-1,-1,-1
247,20,860.84,363.04,225.27,677.82,-1,-1,-1,-1
248,20,860.84,363.04,225.27,677.82,-1,-1,-1,-1
249,20,860.84,363.04,225.27,677.82,-1,-1,-1,-1
250,20,874.05,340.52,241.51,726.54,-1,-1,-1,-1
251,20,836.73,279.58,277.58,834.73,-1,-1,-1,-1
252,20,833,257,319,959,-1,-1,-1,-1
253,20,833,257,319,959,-1,-1,-1,-1
256,20,824.12,206.78,341.97,1027.9,-1,-1,-1,-1
296,17,1399.6,414.66,97.492,294.47,-1,-1,-1,-1
297,17,1373.3,402.13,104.56,315.68,-1,-1,-1,-1
298,17,1373.3,402.13,104.56,315.68,-1,-1,-1,-1
299,17,1373.3,402.13,104.56,315.68,-1,-1,-1,-1
300,17,1379.9,414.66,97.492,294.47,-1,-1,-1,-1
301,17,1379.9,414.66,97.492,294.47,-1,-1,-1,-1
302,17,1360.2,414.66,97.492,294.47,-1,-1,-1,-1
303,17,1361.1,423.72,90.896,274.69,-1,-1,-1,-1
304,17,1361.1,423.72,90.896,274.69,-1,-1,-1,-1
305,17,1340.5,414.66,97.492,294.47,-1,-1,-1,-1
306,17,1340.5,414.66,97.492,294.47,-1,-1,-1,-1
307,17,1340.5,414.66,97.492,294.47,-1,-1,-1,-1
308,17,1324.3,423.72,90.896,274.69,-1,-1,-1,-1
309,17,1324.3,423.72,90.896,274.69,-1,-1,-1,-1
310,17,1305.9,423.72,90.896,274.69,-1,-1,-1,-1
311,17,1287.5,423.72,90.896,274.69,-1,-1,-1,-1
312,17,1287.5,423.72,90.896,274.69,-1,-1,-1,-1
313,17,1287.5,423.72,90.896,274.69,-1,-1,-1,-1
314,17,1269.2,423.72,90.896,274.69,-1,-1,-1,-1
315,17,1269.2,423.72,90.896,274.69,-1,-1,-1,-1
316,17,1269.2,423.72,90.896,274.69,-1,-1,-1,-1
317,17,1270,412.56,84.742,256.23,-1,-1,-1,-1
318,17,1250.8,405.34,90.896,274.69,-1,-1,-1,-1
319,17,1250.8,405.34,90.896,274.69,-1,-1,-1,-1
320,17,1252.8,429.71,84.742,256.23,-1,-1,-1,-1
313,4,1,389.14,148.29,446.86,-1,-1,-1,-1
314,4,30.857,389.14,148.29,446.86,-1,-1,-1,-1
315,4,30.857,389.14,148.29,446.86,-1,-1,-1,-1
316,4,30.857,389.14,148.29,446.86,-1,-1,-1,-1
317,4,28.858,391.01,138.29,416.86,-1,-1,-1,-1
318,4,30.857,389.14,148.29,446.86,-1,-1,-1,-1
319,4,56.715,391.01,138.29,416.86,-1,-1,-1,-1
320,4,60.714,389.14,148.29,446.86,-1,-1,-1,-1
321,4,84.573,391.01,138.29,416.86,-1,-1,-1,-1
322,4,104.97,416.87,128.96,388.88,-1,-1,-1,-1
323,4,120.43,389.14,148.29,446.86,-1,-1,-1,-1
324,4,120.43,389.14,148.29,446.86,-1,-1,-1,-1
325,4,150.29,389.14,148.29,446.86,-1,-1,-1,-1
326,4,150.29,389.14,148.29,446.86,-1,-1,-1,-1
327,4,168.15,391.01,138.29,416.86,-1,-1,-1,-1
328,4,168.15,418.86,138.29,416.86,-1,-1,-1,-1
329,4,168.15,418.86,138.29,416.86,-1,-1,-1,-1
330,4,168.15,418.86,138.29,416.86,-1,-1,-1,-1
331,4,180.14,389.14,148.29,446.86,-1,-1,-1,-1
332,4,196,391.01,138.29,416.86,-1,-1,-1,-1
333,4,208.94,416.87,128.96,388.88,-1,-1,-1,-1
334,4,208.94,416.87,128.96,388.88,-1,-1,-1,-1
335,4,223.86,391.01,138.29,416.86,-1,-1,-1,-1
336,4,210,389.14,148.29,446.86,-1,-1,-1,-1
337,4,210,389.14,148.29,446.86,-1,-1,-1,-1
338,4,234.93,416.87,128.96,388.88,-1,-1,-1,-1
340,4,234.93,416.87,128.96,388.88,-1,-1,-1,-1
341,4,239.86,389.14,148.29,446.86,-1,-1,-1,-1
342,4,286.91,442.87,128.96,388.88,-1,-1,-1,-1
343,4,279.58,418.86,138.29,416.86,-1,-1,-1,-1
344,4,286.91,416.87,128.96,388.88,-1,-1,-1,-1
345,4,312.9,416.87,128.96,388.88,-1,-1,-1,-1
346,4,312.9,416.87,128.96,388.88,-1,-1,-1,-1
347,4,338.9,416.87,128.96,388.88,-1,-1,-1,-1
348,4,338.9,416.87,128.96,388.88,-1,-1,-1,-1
349,4,338.9,416.87,128.96,388.88,-1,-1,-1,-1
350,4,338.9,416.87,128.96,388.88,-1,-1,-1,-1
351,4,338.9,416.87,128.96,388.88,-1,-1,-1,-1
352,4,364.77,413.27,120.26,362.77,-1,-1,-1,-1
353,4,364.77,413.27,120.26,362.77,-1,-1,-1,-1
354,4,364.77,413.27,120.26,362.77,-1,-1,-1,-1
355,4,364.89,416.87,128.96,388.88,-1,-1,-1,-1
356,4,389.02,413.27,120.26,362.77,-1,-1,-1,-1
357,4,389.02,413.27,120.26,362.77,-1,-1,-1,-1
358,4,390.88,390.88,128.96,388.88,-1,-1,-1,-1
359,4,389.02,413.27,120.26,362.77,-1,-1,-1,-1
360,4,408.29,408.29,112.14,338.41,-1,-1,-1,-1
361,4,408.29,408.29,112.14,338.41,-1,-1,-1,-1
362,4,408.29,408.29,112.14,338.41,-1,-1,-1,-1
363,4,413.27,413.27,120.26,362.77,-1,-1,-1,-1
364,4,413.27,413.27,120.26,362.77,-1,-1,-1,-1
365,4,430.92,408.29,112.14,338.41,-1,-1,-1,-1
366,4,453.55,408.29,112.14,338.41,-1,-1,-1,-1
367,4,442.87,390.88,128.96,388.88,-1,-1,-1,-1
368,4,468.86,390.88,128.96,388.88,-1,-1,-1,-1
369,4,468.86,390.88,128.96,388.88,-1,-1,-1,-1
370,4,474.58,391.01,138.29,416.86,-1,-1,-1,-1
371,4,476.18,408.29,112.14,338.41,-1,-1,-1,-1
372,4,486.03,413.27,120.26,362.77,-1,-1,-1,-1
373,4,494.85,390.88,128.96,388.88,-1,-1,-1,-1
375,4,494.85,390.88,128.96,388.88,-1,-1,-1,-1
376,4,498.8,408.29,112.14,338.41,-1,-1,-1,-1
377,4,510.28,413.27,120.26,362.77,-1,-1,-1,-1
378,4,510.28,389.02,120.26,362.77,-1,-1,-1,-1
379,4,521.43,408.29,112.14,338.41,-1,-1,-1,-1
380,4,534.53,389.02,120.26,362.77,-1,-1,-1,-1
381,4,544.06,408.29,112.14,338.41,-1,-1,-1,-1
383,4,544.06,408.29,112.14,338.41,-1,-1,-1,-1
384,4,534.53,389.02,120.26,362.77,-1,-1,-1,-1
385,4,546.83,390.88,128.96,388.88,-1,-1,-1,-1
386,4,566.69,408.29,112.14,338.41,-1,-1,-1,-1
387,4,566.69,408.29,112.14,338.41,-1,-1,-1,-1
388,4,566.69,408.29,112.14,338.41,-1,-1,-1,-1
389,4,566.69,408.29,112.14,338.41,-1,-1,-1,-1
390,4,589.31,408.29,112.14,338.41,-1,-1,-1,-1
391,4,589.31,408.29,112.14,338.41,-1,-1,-1,-1
392,4,583.04,389.02,120.26,362.77,-1,-1,-1,-1
393,4,589.31,408.29,112.14,338.41,-1,-1,-1,-1
394,4,589.31,408.29,112.14,338.41,-1,-1,-1,-1
395,4,611.94,408.29,112.14,338.41,-1,-1,-1,-1
396,4,611.94,408.29,112.14,338.41,-1,-1,-1,-1
397,4,607.29,389.02,120.26,362.77,-1,-1,-1,-1
398,4,607.29,389.02,120.26,362.77,-1,-1,-1,-1
399,4,611.94,408.29,112.14,338.41,-1,-1,-1,-1
401,4,607.29,389.02,120.26,362.77,-1,-1,-1,-1
402,4,634.57,408.29,112.14,338.41,-1,-1,-1,-1
403,4,631.54,389.02,120.26,362.77,-1,-1,-1,-1
405,4,631.54,389.02,120.26,362.77,-1,-1,-1,-1
406,4,631.54,389.02,120.26,362.77,-1,-1,-1,-1
407,4,657.2,408.29,112.14,338.41,-1,-1,-1,-1
409,4,657.2,408.29,112.14,338.41,-1,-1,-1,-1
410,4,657.2,408.29,112.14,338.41,-1,-1,-1,-1
411,4,670.74,414.66,97.492,294.47,-1,-1,-1,-1
412,4,676.59,402.13,104.56,315.68,-1,-1,-1,-1
413,4,676.59,402.13,104.56,315.68,-1,-1,-1,-1
414,4,679.82,408.29,112.14,338.41,-1,-1,-1,-1
415,4,680.04,389.02,120.26,362.77,-1,-1,-1,-1
416,4,697.7,402.13,104.56,315.68,-1,-1,-1,-1
417,4,697.7,402.13,104.56,315.68,-1,-1,-1,-1
418,4,697.7,402.13,104.56,315.68,-1,-1,-1,-1
419,4,704.29,389.02,120.26,362.77,-1,-1,-1,-1
421,4,704.29,389.02,120.26,362.77,-1,-1,-1,-1
422,4,704.29,389.02,120.26,362.77,-1,-1,-1,-1
423,4,718.81,402.13,104.56,315.68,-1,-1,-1,-1
424,4,718.81,402.13,104.56,315.68,-1,-1,-1,-1
425,4,718.81,402.13,104.56,315.68,-1,-1,-1,-1
426,4,718.81,402.13,104.56,315.68,-1,-1,-1,-1
427,4,718.81,402.13,104.56,315.68,-1,-1,-1,-1
428,4,739.92,402.13,104.56,315.68,-1,-1,-1,-1
429,4,729.84,414.66,97.492,294.47,-1,-1,-1,-1
430,4,749.54,414.66,97.492,294.47,-1,-1,-1,-1
431,4,749.54,414.66,97.492,294.47,-1,-1,-1,-1
432,4,749.54,414.66,97.492,294.47,-1,-1,-1,-1
433,4,749.54,414.66,97.492,294.47,-1,-1,-1,-1
434,4,747.7,385.67,112.14,338.41,-1,-1,-1,-1
435,4,761.04,402.13,104.56,315.68,-1,-1,-1,-1
436,4,761.04,402.13,104.56,315.68,-1,-1,-1,-1
437,4,761.04,402.13,104.56,315.68,-1,-1,-1,-1
438,4,761.04,402.13,104.56,315.68,-1,-1,-1,-1
439,4,769.23,414.66,97.492,294.47,-1,-1,-1,-1
440,4,761.04,402.13,104.56,315.68,-1,-1,-1,-1
441,4,782.15,402.13,104.56,315.68,-1,-1,-1,-1
442,4,782.15,402.13,104.56,315.68,-1,-1,-1,-1
443,4,788.93,414.66,97.492,294.47,-1,-1,-1,-1
444,4,782.15,402.13,104.56,315.68,-1,-1,-1,-1
445,4,782.15,402.13,104.56,315.68,-1,-1,-1,-1
446,4,788.93,414.66,97.492,294.47,-1,-1,-1,-1
447,4,788.93,414.66,97.492,294.47,-1,-1,-1,-1
76,5,704.08,429.71,84.742,256.23,-1,-1,-1,-1
77,5,704.08,429.71,84.742,256.23,-1,-1,-1,-1
78,5,702.64,448.86,73.643,222.93,-1,-1,-1,-1
80,5,711.37,460.65,68.644,207.93,-1,-1,-1,-1
81,5,702.64,463.78,73.643,222.93,-1,-1,-1,-1
83,5,702.64,463.78,73.643,222.93,-1,-1,-1,-1
84,5,721.23,412.56,84.742,256.23,-1,-1,-1,-1
85,5,721.23,412.56,84.742,256.23,-1,-1,-1,-1
86,5,725.3,460.65,68.644,207.93,-1,-1,-1,-1
87,5,725.3,460.65,68.644,207.93,-1,-1,-1,-1
88,5,732.5,463.78,73.643,222.93,-1,-1,-1,-1
89,5,732.5,448.86,73.643,222.93,-1,-1,-1,-1
90,5,737,449,79,239,-1,-1,-1,-1
92,5,737,449,79,239,-1,-1,-1,-1
93,5,737,449,79,239,-1,-1,-1,-1
94,5,738.38,446.86,84.742,256.23,-1,-1,-1,-1
95,5,747.43,463.78,73.643,222.93,-1,-1,-1,-1
96,5,747.43,463.78,73.643,222.93,-1,-1,-1,-1
97,5,747.43,463.78,73.643,222.93,-1,-1,-1,-1
98,5,753,449,79,239,-1,-1,-1,-1
99,5,755.53,446.86,84.742,256.23,-1,-1,-1,-1
100,5,755.53,446.86,84.742,256.23,-1,-1,-1,-1
101,5,755.53,446.86,84.742,256.23,-1,-1,-1,-1
102,5,755.53,446.86,84.742,256.23,-1,-1,-1,-1
103,5,755.53,446.86,84.742,256.23,-1,-1,-1,-1
104,5,755.53,446.86,84.742,256.23,-1,-1,-1,-1
105,5,755.53,446.86,84.742,256.23,-1,-1,-1,-1
106,5,755.53,446.86,84.742,256.23,-1,-1,-1,-1
107,5,755.53,446.86,84.742,256.23,-1,-1,-1,-1
108,5,755.53,446.86,84.742,256.23,-1,-1,-1,-1
109,5,755.53,446.86,84.742,256.23,-1,-1,-1,-1
110,5,755.53,446.86,84.742,256.23,-1,-1,-1,-1
111,5,755.53,446.86,84.742,256.23,-1,-1,-1,-1
112,5,755.53,446.86,84.742,256.23,-1,-1,-1,-1
113,5,755.53,446.86,84.742,256.23,-1,-1,-1,-1
114,5,755.53,446.86,84.742,256.23,-1,-1,-1,-1
116,5,772.68,446.86,84.742,256.23,-1,-1,-1,-1
117,5,772.93,423.72,90.896,274.69,-1,-1,-1,-1
118,5,772.68,446.86,84.742,256.23,-1,-1,-1,-1
119,5,772.68,446.86,84.742,256.23,-1,-1,-1,-1
120,5,772.68,446.86,84.742,256.23,-1,-1,-1,-1
121,5,772.68,446.86,84.742,256.23,-1,-1,-1,-1
122,5,772.68,446.86,84.742,256.23,-1,-1,-1,-1
123,5,772.68,446.86,84.742,256.23,-1,-1,-1,-1
124,5,772.68,446.86,84.742,256.23,-1,-1,-1,-1
125,5,772.93,442.1,90.896,274.69,-1,-1,-1,-1
126,5,772.93,442.1,90.896,274.69,-1,-1,-1,-1
127,5,789.83,464.01,84.742,256.23,-1,-1,-1,-1
128,5,789.83,464.01,84.742,256.23,-1,-1,-1,-1
130,5,789.83,464.01,84.742,256.23,-1,-1,-1,-1
131,5,789.83,446.86,84.742,256.23,-1,-1,-1,-1
132,5,791.3,442.1,90.896,274.69,-1,-1,-1,-1
133,5,791.3,442.1,90.896,274.69,-1,-1,-1,-1
134,5,789.83,446.86,84.742,256.23,-1,-1,-1,-1
136,5,791.3,442.1,90.896,274.69,-1,-1,-1,-1
137,5,791.3,442.1,90.896,274.69,-1,-1,-1,-1
138,5,806.97,464.01,84.742,256.23,-1,-1,-1,-1
139,5,806.97,446.86,84.742,256.23,-1,-1,-1,-1
140,5,809.68,442.1,90.896,274.69,-1,-1,-1,-1
142,5,808.63,434.36,97.492,294.47,-1,-1,-1,-1
143,5,809.68,442.1,90.896,274.69,-1,-1,-1,-1
144,5,808.63,434.36,97.492,294.47,-1,-1,-1,-1
145,5,808.63,434.36,97.492,294.47,-1,-1,-1,-1
146,5,808.63,434.36,97.492,294.47,-1,-1,-1,-1
147,5,824.12,464.01,84.742,256.23,-1,-1,-1,-1
148,5,824.12,464.01,84.742,256.23,-1,-1,-1,-1
149,5,824.12,464.01,84.742,256.23,-1,-1,-1,-1
150,5,824.12,464.01,84.742,256.23,-1,-1,-1,-1
151,5,824.12,464.01,84.742,256.23,-1,-1,-1,-1
152,5,828.06,460.48,90.896,274.69,-1,-1,-1,-1
153,5,828.06,460.48,90.896,274.69,-1,-1,-1,-1
154,5,828.06,460.48,90.896,274.69,-1,-1,-1,-1
155,5,828.06,460.48,90.896,274.69,-1,-1,-1,-1
156,5,828.33,454.06,97.492,294.47,-1,-1,-1,-1
157,5,828.33,454.06,97.492,294.47,-1,-1,-1,-1
158,5,824.37,444.35,104.56,315.68,-1,-1,-1,-1
159,5,824.37,444.35,104.56,315.68,-1,-1,-1,-1
160,5,848.03,454.06,97.492,294.47,-1,-1,-1,-1
161,5,848.03,454.06,97.492,294.47,-1,-1,-1,-1
162,5,848.03,434.36,97.492,294.47,-1,-1,-1,-1
163,5,848.03,454.06,97.492,294.47,-1,-1,-1,-1
164,5,848.03,454.06,97.492,294.47,-1,-1,-1,-1
165,5,848.03,454.06,97.492,294.47,-1,-1,-1,-1
166,5,848.03,454.06,97.492,294.47,-1,-1,-1,-1
167,5,848.03,434.36,97.492,294.47,-1,-1,-1,-1
168,5,846.44,460.48,90.896,274.69,-1,-1,-1,-1
170,5,848.03,454.06,97.492,294.47,-1,-1,-1,-1
171,5,864.82,460.48,90.896,274.69,-1,-1,-1,-1
172,5,867.73,454.06,97.492,294.47,-1,-1,-1,-1
173,5,866.6,444.35,104.56,315.68,-1,-1,-1,-1
174,5,867.73,454.06,97.492,294.47,-1,-1,-1,-1
175,5,887.71,444.35,104.56,315.68,-1,-1,-1,-1
176,5,887.71,444.35,104.56,315.68,-1,-1,-1,-1
177,5,887.71,444.35,104.56,315.68,-1,-1,-1,-1
178,5,887.71,444.35,104.56,315.68,-1,-1,-1,-1
179,5,907.12,454.06,97.492,294.47,-1,-1,-1,-1
180,5,907.12,454.06,97.492,294.47,-1,-1,-1,-1
182,5,907.12,454.06,97.492,294.47,-1,-1,-1,-1
183,5,907.12,454.06,97.492,294.47,-1,-1,-1,-1
184,5,908.82,444.35,104.56,315.68,-1,-1,-1,-1
185,5,926.82,454.06,97.492,294.47,-1,-1,-1,-1
186,5,926.82,454.06,97.492,294.47,-1,-1,-1,-1
187,5,926.82,454.06,97.492,294.47,-1,-1,-1,-1
189,5,926.82,454.06,97.492,294.47,-1,-1,-1,-1
190,5,929.93,444.35,104.56,315.68,-1,-1,-1,-1
191,5,929.93,444.35,104.56,315.68,-1,-1,-1,-1
192,5,929.93,444.35,104.56,315.68,-1,-1,-1,-1
193,5,951.05,444.35,104.56,315.68,-1,-1,-1,-1
194,5,951.05,444.35,104.56,315.68,-1,-1,-1,-1
195,5,951.05,444.35,104.56,315.68,-1,-1,-1,-1
196,5,951.05,444.35,104.56,315.68,-1,-1,-1,-1
197,5,951.05,444.35,104.56,315.68,-1,-1,-1,-1
198,5,972.16,444.35,104.56,315.68,-1,-1,-1,-1
199,5,972.16,444.35,104.56,315.68,-1,-1,-1,-1
200,5,973.98,430.92,112.14,338.41,-1,-1,-1,-1
201,5,972.16,444.35,104.56,315.68,-1,-1,-1,-1
202,5,993.27,444.35,104.56,315.68,-1,-1,-1,-1
203,5,993.27,444.35,104.56,315.68,-1,-1,-1,-1
204,5,993.27,444.35,104.56,315.68,-1,-1,-1,-1
205,5,996.61,430.92,112.14,338.41,-1,-1,-1,-1
206,5,996.61,430.92,112.14,338.41,-1,-1,-1,-1
207,5,996.61,453.55,112.14,338.41,-1,-1,-1,-1
208,5,996.61,453.55,112.14,338.41,-1,-1,-1,-1
209,5,996.61,453.55,112.14,338.41,-1,-1,-1,-1
210,5,996.61,453.55,112.14,338.41,-1,-1,-1,-1
211,5,1014.4,465.47,104.56,315.68,-1,-1,-1,-1
212,5,1019.2,453.55,112.14,338.41,-1,-1,-1,-1
213,5,1019.6,437.53,120.26,362.77,-1,-1,-1,-1
458,10,655.79,437.53,120.26,362.77,-1,-1,-1,-1
459,10,690.44,434.36,97.492,294.47,-1,-1,-1,-1
460,10,690.44,434.36,97.492,294.47,-1,-1,-1,-1
461,10,697.7,423.24,104.56,315.68,-1,-1,-1,-1
462,10,710.14,434.36,97.492,294.47,-1,-1,-1,-1
463,10,710.14,434.36,97.492,294.47,-1,-1,-1,-1
464,10,710.14,434.36,97.492,294.47,-1,-1,-1,-1
465,10,710.14,434.36,97.492,294.47,-1,-1,-1,-1
466,10,710.14,434.36,97.492,294.47,-1,-1,-1,-1
467,10,718.81,423.24,104.56,315.68,-1,-1,-1,-1
468,10,718.81,423.24,104.56,315.68,-1,-1,-1,-1
469,10,729.84,434.36,97.492,294.47,-1,-1,-1,-1
470,10,729.84,434.36,97.492,294.47,-1,-1,-1,-1
471,10,749.54,434.36,97.492,294.47,-1,-1,-1,-1
472,10,749.54,434.36,97.492,294.47,-1,-1,-1,-1
473,10,749.54,434.36,97.492,294.47,-1,-1,-1,-1
474,10,749.54,434.36,97.492,294.47,-1,-1,-1,-1
475,10,749.54,434.36,97.492,294.47,-1,-1,-1,-1
476,10,749.54,434.36,97.492,294.47,-1,-1,-1,-1
477,10,769.23,434.36,97.492,294.47,-1,-1,-1,-1
478,10,769.23,434.36,97.492,294.47,-1,-1,-1,-1
479,10,769.23,434.36,97.492,294.47,-1,-1,-1,-1
480,10,769.23,434.36,97.492,294.47,-1,-1,-1,-1
481,10,788.93,434.36,97.492,294.47,-1,-1,-1,-1
482,10,791.3,442.1,90.896,274.69,-1,-1,-1,-1
483,10,788.93,434.36,97.492,294.47,-1,-1,-1,-1
484,10,788.93,434.36,97.492,294.47,-1,-1,-1,-1
485,10,791.3,442.1,90.896,274.69,-1,-1,-1,-1
486,10,788.93,434.36,97.492,294.47,-1,-1,-1,-1
487,10,808.63,434.36,97.492,294.47,-1,-1,-1,-1
488,10,809.68,442.1,90.896,274.69,-1,-1,-1,-1
489,10,808.63,434.36,97.492,294.47,-1,-1,-1,-1
490,10,828.06,442.1,90.896,274.69,-1,-1,-1,-1
491,10,828.06,442.1,90.896,274.69,-1,-1,-1,-1
492,10,841.27,446.86,84.742,256.23,-1,-1,-1,-1
493,10,828.33,434.36,97.492,294.47,-1,-1,-1,-1
494,10,846.44,442.1,90.896,274.69,-1,-1,-1,-1
495,10,858.42,446.86,84.742,256.23,-1,-1,-1,-1
497,10,858.42,446.86,84.742,256.23,-1,-1,-1,-1
498,10,864.82,442.1,90.896,274.69,-1,-1,-1,-1
499,10,864.82,442.1,90.896,274.69,-1,-1,-1,-1
500,10,864.82,442.1,90.896,274.69,-1,-1,-1,-1
446,12,1326.6,390.88,128.96,388.88,-1,-1,-1,-1
447,12,1336,430.92,112.14,338.41,-1,-1,-1,-1
448,12,1334.8,413.27,120.26,362.77,-1,-1,-1,-1
449,12,1359.1,413.27,120.26,362.77,-1,-1,-1,-1
450,12,1359.1,413.27,120.26,362.77,-1,-1,-1,-1
451,12,1358.6,430.92,112.14,338.41,-1,-1,-1,-1
452,12,1359.1,413.27,120.26,362.77,-1,-1,-1,-1
453,12,1359.1,413.27,120.26,362.77,-1,-1,-1,-1
454,12,1359.1,413.27,120.26,362.77,-1,-1,-1,-1
455,12,1383.3,413.27,120.26,362.77,-1,-1,-1,-1
456,12,1383.3,413.27,120.26,362.77,-1,-1,-1,-1
457,12,1383.3,413.27,120.26,362.77,-1,-1,-1,-1
458,12,1403.9,430.92,112.14,338.41,-1,-1,-1,-1
460,12,1403.9,430.92,112.14,338.41,-1,-1,-1,-1
461,12,1407.6,413.27,120.26,362.77,-1,-1,-1,-1
462,12,1407.6,413.27,120.26,362.77,-1,-1,-1,-1
463,12,1426.5,430.92,112.14,338.41,-1,-1,-1,-1
464,12,1434.1,389.14,148.29,446.86,-1,-1,-1,-1
465,12,1449.6,391.01,138.29,416.86,-1,-1,-1,-1
466,12,1456.6,416.87,128.96,388.88,-1,-1,-1,-1
467,12,1456.6,416.87,128.96,388.88,-1,-1,-1,-1
468,12,1456.6,416.87,128.96,388.88,-1,-1,-1,-1
469,12,1464,389.14,148.29,446.86,-1,-1,-1,-1
470,12,1482.5,416.87,128.96,388.88,-1,-1,-1,-1
471,12,1477.5,391.01,138.29,416.86,-1,-1,-1,-1
472,12,1477.5,391.01,138.29,416.86,-1,-1,-1,-1
473,12,1482.5,416.87,128.96,388.88,-1,-1,-1,-1
474,12,1505.3,391.01,138.29,416.86,-1,-1,-1,-1
475,12,1508.5,416.87,128.96,388.88,-1,-1,-1,-1
476,12,1508.5,416.87,128.96,388.88,-1,-1,-1,-1
477,12,1508.5,416.87,128.96,388.88,-1,-1,-1,-1
478,12,1505.3,391.01,138.29,416.86,-1,-1,-1,-1
479,12,1508.5,416.87,128.96,388.88,-1,-1,-1,-1
480,12,1528.8,413.27,120.26,362.77,-1,-1,-1,-1
481,12,1523.7,389.14,148.29,446.86,-1,-1,-1,-1
482,12,1533.2,418.86,138.29,416.86,-1,-1,-1,-1
483,12,1553.6,389.14,148.29,446.86,-1,-1,-1,-1
484,12,1553.6,389.14,148.29,446.86,-1,-1,-1,-1
485,12,1561,418.86,138.29,416.86,-1,-1,-1,-1
486,12,1583.4,389.14,148.29,446.86,-1,-1,-1,-1
487,12,1583.4,389.14,148.29,446.86,-1,-1,-1,-1
488,12,1613.3,389.14,148.29,446.86,-1,-1,-1,-1
489,12,1613.3,419,148.29,446.86,-1,-1,-1,-1
490,12,1613.3,389.14,148.29,446.86,-1,-1,-1,-1
491,12,1613.3,419,148.29,446.86,-1,-1,-1,-1
492,12,1643.1,389.14,148.29,446.86,-1,-1,-1,-1
493,12,1644.6,418.86,138.29,416.86,-1,-1,-1,-1
494,12,1643.1,419,148.29,446.86,-1,-1,-1,-1
496,12,1643.1,419,148.29,446.86,-1,-1,-1,-1
497,12,1673,419,148.29,446.86,-1,-1,-1,-1
498,12,1647.2,378.26,170.48,513.45,-1,-1,-1,-1
499,12,1655.1,368.58,182.79,550.38,-1,-1,-1,-1
500,12,1681.5,412.56,170.48,513.45,-1,-1,-1,-1
454,16,824.37,402.13,104.56,315.68,-1,-1,-1,-1
455,16,803.26,402.13,104.56,315.68,-1,-1,-1,-1
456,16,803.26,402.13,104.56,315.68,-1,-1,-1,-1
457,16,808.63,414.66,97.492,294.47,-1,-1,-1,-1
458,16,808.63,414.66,97.492,294.47,-1,-1,-1,-1
459,16,803.26,402.13,104.56,315.68,-1,-1,-1,-1
460,16,803.26,402.13,104.56,315.68,-1,-1,-1,-1
461,16,803.26,402.13,104.56,315.68,-1,-1,-1,-1
462,16,824.37,402.13,104.56,315.68,-1,-1,-1,-1
463,16,828.33,414.66,97.492,294.47,-1,-1,-1,-1
464,16,824.37,402.13,104.56,315.68,-1,-1,-1,-1
465,16,824.37,402.13,104.56,315.68,-1,-1,-1,-1
466,16,824.37,402.13,104.56,315.68,-1,-1,-1,-1
467,16,824.37,402.13,104.56,315.68,-1,-1,-1,-1
468,16,824.37,402.13,104.56,315.68,-1,-1,-1,-1
469,16,824.37,402.13,104.56,315.68,-1,-1,-1,-1
470,16,828.33,394.97,97.492,294.47,-1,-1,-1,-1
471,16,841.27,395.41,84.742,256.23,-1,-1,-1,-1
472,16,824.37,402.13,104.56,315.68,-1,-1,-1,-1
473,16,846.44,405.34,90.896,274.69,-1,-1,-1,-1
474,16,846.44,405.34,90.896,274.69,-1,-1,-1,-1
475,16,848.03,394.97,97.492,294.47,-1,-1,-1,-1
476,16,841.27,412.56,84.742,256.23,-1,-1,-1,-1
477,16,841.27,412.56,84.742,256.23,-1,-1,-1,-1
478,16,846.44,405.34,90.896,274.69,-1,-1,-1,-1
479,16,846.44,405.34,90.896,274.69,-1,-1,-1,-1
481,16,846.44,405.34,90.896,274.69,-1,-1,-1,-1
482,16,846.44,405.34,90.896,274.69,-1,-1,-1,-1
483,16,848.03,414.66,97.492,294.47,-1,-1,-1,-1
463,14,572.25,434.36,97.492,294.47,-1,-1,-1,-1
464,14,572.25,434.36,97.492,294.47,-1,-1,-1,-1
465,14,591.95,414.66,97.492,294.47,-1,-1,-1,-1
466,14,591.95,414.66,97.492,294.47,-1,-1,-1,-1
467,14,591.95,414.66,97.492,294.47,-1,-1,-1,-1
468,14,591.95,414.66,97.492,294.47,-1,-1,-1,-1
470,14,591.95,414.66,97.492,294.47,-1,-1,-1,-1
471,14,607.51,423.72,90.896,274.69,-1,-1,-1,-1
473,14,607.51,423.72,90.896,274.69,-1,-1,-1,-1
474,14,611.65,414.66,97.492,294.47,-1,-1,-1,-1
475,14,611.65,414.66,97.492,294.47,-1,-1,-1,-1
476,14,611.65,414.66,97.492,294.47,-1,-1,-1,-1
477,14,611.65,414.66,97.492,294.47,-1,-1,-1,-1
479,14,611.65,414.66,97.492,294.47,-1,-1,-1,-1
480,14,631.35,414.66,97.492,294.47,-1,-1,-1,-1
481,14,631.35,414.66,97.492,294.47,-1,-1,-1,-1
482,14,631.35,414.66,97.492,294.47,-1,-1,-1,-1
483,14,635.49,429.71,84.742,256.23,-1,-1,-1,-1
484,14,644.27,423.72,90.896,274.69,-1,-1,-1,-1
485,14,644.27,423.72,90.896,274.69,-1,-1,-1,-1
487,14,644.27,423.72,90.896,274.69,-1,-1,-1,-1
488,14,644.27,423.72,90.896,274.69,-1,-1,-1,-1
490,14,644.27,423.72,90.896,274.69,-1,-1,-1,-1
491,14,652.64,429.71,84.742,256.23,-1,-1,-1,-1
492,14,662.65,423.72,90.896,274.69,-1,-1,-1,-1
493,14,662.65,423.72,90.896,274.69,-1,-1,-1,-1
494,14,670.74,414.66,97.492,294.47,-1,-1,-1,-1
495,14,670.74,414.66,97.492,294.47,-1,-1,-1,-1
496,14,681.03,423.72,90.896,274.69,-1,-1,-1,-1
497,14,681.03,423.72,90.896,274.69,-1,-1,-1,-1
498,14,681.03,423.72,90.896,274.69,-1,-1,-1,-1
499,14,690.44,414.66,97.492,294.47,-1,-1,-1,-1
500,14,690.44,414.66,97.492,294.47,-1,-1,-1,-1
449,11,1029.9,446.86,170.48,513.45,-1,-1,-1,-1
450,11,1025.3,394.97,195.98,589.95,-1,-1,-1,-1
451,11,1025.3,394.97,195.98,589.95,-1,-1,-1,-1
452,11,1025.3,394.97,195.98,589.95,-1,-1,-1,-1
453,11,1025.3,394.97,195.98,589.95,-1,-1,-1,-1
454,11,1067,405.34,182.79,550.38,-1,-1,-1,-1
455,11,1056.6,381.02,210.12,632.36,-1,-1,-1,-1
456,11,1064.7,394.97,195.98,589.95,-1,-1,-1,-1
457,11,1064.7,394.97,195.98,589.95,-1,-1,-1,-1
458,11,1064.7,394.97,195.98,589.95,-1,-1,-1,-1
459,11,1064.7,394.97,195.98,589.95,-1,-1,-1,-1
460,11,1103.8,405.34,182.79,550.38,-1,-1,-1,-1
461,11,1104.1,394.97,195.98,589.95,-1,-1,-1,-1
462,11,1098.5,446.86,170.48,513.45,-1,-1,-1,-1
463,11,1103.8,405.34,182.79,550.38,-1,-1,-1,-1
464,11,1104.1,394.97,195.98,589.95,-1,-1,-1,-1
465,11,1104.1,394.97,195.98,589.95,-1,-1,-1,-1
466,11,1104.1,394.97,195.98,589.95,-1,-1,-1,-1
467,11,1104.1,394.97,195.98,589.95,-1,-1,-1,-1
468,11,1104.1,394.97,195.98,589.95,-1,-1,-1,-1
469,11,1104.1,394.97,195.98,589.95,-1,-1,-1,-1
470,11,1104.1,394.97,195.98,589.95,-1,-1,-1,-1
471,11,1140.5,442.1,182.79,550.38,-1,-1,-1,-1
472,11,1140.5,442.1,182.79,550.38,-1,-1,-1,-1
473,11,1143.5,434.36,195.98,589.95,-1,-1,-1,-1
474,11,1143.5,394.97,195.98,589.95,-1,-1,-1,-1
476,11,1143.5,394.97,195.98,589.95,-1,-1,-1,-1
477,11,1143.5,394.97,195.98,589.95,-1,-1,-1,-1
478,11,1143.5,434.36,195.98,589.95,-1,-1,-1,-1
479,11,1143.5,434.36,195.98,589.95,-1,-1,-1,-1
480,11,1167.1,481.15,170.48,513.45,-1,-1,-1,-1
481,11,1167.1,481.15,170.48,513.45,-1,-1,-1,-1
482,11,1167.1,481.15,170.48,513.45,-1,-1,-1,-1
484,11,1167.1,481.15,170.48,513.45,-1,-1,-1,-1
485,11,1182.9,434.36,195.98,589.95,-1,-1,-1,-1
486,11,1182.9,434.36,195.98,589.95,-1,-1,-1,-1
487,11,1177.3,478.86,182.79,550.38,-1,-1,-1,-1
488,11,1185,513,159,479,-1,-1,-1,-1
489,11,1182.9,434.36,195.98,589.95,-1,-1,-1,-1
490,11,1201.4,515.45,170.48,513.45,-1,-1,-1,-1
491,11,1217,513,159,479,-1,-1,-1,-1
492,11,1217,513,159,479,-1,-1,-1,-1
493,11,1217,513,159,479,-1,-1,-1,-1
494,11,1214,478.86,182.79,550.38,-1,-1,-1,-1
495,11,1222.3,434.36,195.98,589.95,-1,-1,-1,-1
496,11,1235.7,515.45,170.48,513.45,-1,-1,-1,-1
497,11,1225.5,423.24,210.12,632.36,-1,-1,-1,-1
498,11,1267.7,381.02,210.12,632.36,-1,-1,-1,-1
500,11,1267.7,381.02,210.12,632.36,-1,-1,-1,-1
184,3,572.25,454.06,48.246,146.74,-1,-1,-1,-1
185,3,572.25,454.06,48.246,146.74,-1,-1,-1,-1
186,3,566.69,453.55,55.569,168.71,-1,-1,-1,-1
187,3,571.03,454.91,51.78,157.34,-1,-1,-1,-1
190,3,571.03,454.91,51.78,157.34,-1,-1,-1,-1
191,3,571.03,454.91,51.78,157.34,-1,-1,-1,-1
192,3,566.69,453.55,55.569,168.71,-1,-1,-1,-1
194,3,566.69,453.55,55.569,168.71,-1,-1,-1,-1
195,3,566.69,453.55,55.569,168.71,-1,-1,-1,-1
196,3,566.69,453.55,55.569,168.71,-1,-1,-1,-1
197,3,578,453.55,55.569,168.71,-1,-1,-1,-1
198,3,578,453.55,55.569,168.71,-1,-1,-1,-1
200,3,578,453.55,55.569,168.71,-1,-1,-1,-1
201,3,570.91,437.53,59.629,180.89,-1,-1,-1,-1
202,3,570.91,449.65,59.629,180.89,-1,-1,-1,-1
203,3,578,453.55,55.569,168.71,-1,-1,-1,-1
204,3,578,453.55,55.569,168.71,-1,-1,-1,-1
205,3,578,453.55,55.569,168.71,-1,-1,-1,-1
206,3,581.58,454.91,51.78,157.34,-1,-1,-1,-1
207,3,583.04,449.65,59.629,180.89,-1,-1,-1,-1
208,3,589.31,453.55,55.569,168.71,-1,-1,-1,-1
209,3,589.31,453.55,55.569,168.71,-1,-1,-1,-1
211,3,589.31,453.55,55.569,168.71,-1,-1,-1,-1
212,3,589.31,453.55,55.569,168.71,-1,-1,-1,-1
213,3,585.82,442.87,63.98,193.94,-1,-1,-1,-1
214,3,595.16,449.65,59.629,180.89,-1,-1,-1,-1
215,3,595.16,449.65,59.629,180.89,-1,-1,-1,-1
216,3,600.63,453.55,55.569,168.71,-1,-1,-1,-1
217,3,600.63,453.55,55.569,168.71,-1,-1,-1,-1
218,3,600.63,453.55,55.569,168.71,-1,-1,-1,-1
219,3,600.63,453.55,55.569,168.71,-1,-1,-1,-1
220,3,598.82,442.87,63.98,193.94,-1,-1,-1,-1
221,3,598.82,442.87,63.98,193.94,-1,-1,-1,-1
222,3,607.29,449.65,59.629,180.89,-1,-1,-1,-1
223,3,613.25,454.91,51.78,157.34,-1,-1,-1,-1
224,3,611.94,453.55,55.569,168.71,-1,-1,-1,-1
225,3,611.94,453.55,55.569,168.71,-1,-1,-1,-1
226,3,607.29,449.65,59.629,180.89,-1,-1,-1,-1
227,3,611.94,453.55,55.569,168.71,-1,-1,-1,-1
228,3,611.94,453.55,55.569,168.71,-1,-1,-1,-1
229,3,611.94,453.55,55.569,168.71,-1,-1,-1,-1
230,3,611.81,442.87,63.98,193.94,-1,-1,-1,-1
231,3,611.81,442.87,63.98,193.94,-1,-1,-1,-1
232,3,619.41,449.65,59.629,180.89,-1,-1,-1,-1
233,3,619.41,449.65,59.629,180.89,-1,-1,-1,-1
234,3,619.41,449.65,59.629,180.89,-1,-1,-1,-1
235,3,619.41,449.65,59.629,180.89,-1,-1,-1,-1
236,3,619.41,449.65,59.629,180.89,-1,-1,-1,-1
237,3,619.41,449.65,59.629,180.89,-1,-1,-1,-1
238,3,624.81,442.87,63.98,193.94,-1,-1,-1,-1
239,3,624.81,442.87,63.98,193.94,-1,-1,-1,-1
240,3,624.81,442.87,63.98,193.94,-1,-1,-1,-1
241,3,624.81,442.87,63.98,193.94,-1,-1,-1,-1
242,3,631.54,449.65,59.629,180.89,-1,-1,-1,-1
243,3,631.54,449.65,59.629,180.89,-1,-1,-1,-1
244,3,631.54,449.65,59.629,180.89,-1,-1,-1,-1
245,3,631.54,449.65,59.629,180.89,-1,-1,-1,-1
246,3,643.66,449.65,59.629,180.89,-1,-1,-1,-1
247,3,643.66,449.65,59.629,180.89,-1,-1,-1,-1
248,3,637.81,442.87,63.98,193.94,-1,-1,-1,-1
249,3,637.81,442.87,63.98,193.94,-1,-1,-1,-1
250,3,643.66,449.65,59.629,180.89,-1,-1,-1,-1
251,3,655.79,449.65,59.629,180.89,-1,-1,-1,-1
252,3,650.8,442.87,63.98,193.94,-1,-1,-1,-1
253,3,655.79,449.65,59.629,180.89,-1,-1,-1,-1
254,3,655.79,449.65,59.629,180.89,-1,-1,-1,-1
255,3,655.65,432.79,68.644,207.93,-1,-1,-1,-1
256,3,655.65,446.72,68.644,207.93,-1,-1,-1,-1
257,3,667.92,449.65,59.629,180.89,-1,-1,-1,-1
258,3,663.8,442.87,63.98,193.94,-1,-1,-1,-1
259,3,663.8,442.87,63.98,193.94,-1,-1,-1,-1
260,3,669.58,432.79,68.644,207.93,-1,-1,-1,-1
261,3,667.92,461.78,59.629,180.89,-1,-1,-1,-1
262,3,672.78,433.93,73.643,222.93,-1,-1,-1,-1
264,3,672.78,433.93,73.643,222.93,-1,-1,-1,-1
265,3,672.78,433.93,73.643,222.93,-1,-1,-1,-1
267,3,672.78,433.93,73.643,222.93,-1,-1,-1,-1
268,3,672.78,433.93,73.643,222.93,-1,-1,-1,-1
269,3,672.78,433.93,73.643,222.93,-1,-1,-1,-1
270,3,672.78,433.93,73.643,222.93,-1,-1,-1,-1
271,3,689.79,442.87,63.98,193.94,-1,-1,-1,-1
273,3,689.79,442.87,63.98,193.94,-1,-1,-1,-1
274,3,697.44,446.72,68.644,207.93,-1,-1,-1,-1
275,3,697.44,446.72,68.644,207.93,-1,-1,-1,-1
276,3,702.79,442.87,63.98,193.94,-1,-1,-1,-1
277,3,702.79,442.87,63.98,193.94,-1,-1,-1,-1
278,3,704.29,449.65,59.629,180.89,-1,-1,-1,-1
279,3,697.44,446.72,68.644,207.93,-1,-1,-1,-1
280,3,711.37,446.72,68.644,207.93,-1,-1,-1,-1
281,3,715.78,455.86,63.98,193.94,-1,-1,-1,-1
282,3,711.37,446.72,68.644,207.93,-1,-1,-1,-1
283,3,711.37,446.72,68.644,207.93,-1,-1,-1,-1
284,3,711.37,446.72,68.644,207.93,-1,-1,-1,-1
285,3,725.3,446.72,68.644,207.93,-1,-1,-1,-1
286,3,725.3,446.72,68.644,207.93,-1,-1,-1,-1
287,3,725.3,446.72,68.644,207.93,-1,-1,-1,-1
288,3,739.23,446.72,68.644,207.93,-1,-1,-1,-1
289,3,739.23,446.72,68.644,207.93,-1,-1,-1,-1
290,3,739.23,446.72,68.644,207.93,-1,-1,-1,-1
291,3,739.23,446.72,68.644,207.93,-1,-1,-1,-1
292,3,747.43,433.93,73.643,222.93,-1,-1,-1,-1
293,3,753.16,446.72,68.644,207.93,-1,-1,-1,-1
294,3,747.43,433.93,73.643,222.93,-1,-1,-1,-1
295,3,754.77,442.87,63.98,193.94,-1,-1,-1,-1
296,3,762.35,433.93,73.643,222.93,-1,-1,-1,-1
297,3,762.35,433.93,73.643,222.93,-1,-1,-1,-1
298,3,762.35,433.93,73.643,222.93,-1,-1,-1,-1
299,3,767.77,442.87,63.98,193.94,-1,-1,-1,-1
300,3,767.08,446.72,68.644,207.93,-1,-1,-1,-1
301,3,767.08,446.72,68.644,207.93,-1,-1,-1,-1
302,3,767.08,446.72,68.644,207.93,-1,-1,-1,-1
303,3,767.08,446.72,68.644,207.93,-1,-1,-1,-1
304,3,781.01,446.72,68.644,207.93,-1,-1,-1,-1
305,3,781.01,446.72,68.644,207.93,-1,-1,-1,-1
306,3,781.01,446.72,68.644,207.93,-1,-1,-1,-1
307,3,781.01,446.72,68.644,207.93,-1,-1,-1,-1
308,3,792.21,433.93,73.643,222.93,-1,-1,-1,-1
309,3,792.21,433.93,73.643,222.93,-1,-1,-1,-1
310,3,794.94,446.72,68.644,207.93,-1,-1,-1,-1
311,3,794.94,446.72,68.644,207.93,-1,-1,-1,-1
312,3,794.94,446.72,68.644,207.93,-1,-1,-1,-1
313,3,807.14,433.93,73.643,222.93,-1,-1,-1,-1
314,3,808.87,446.72,68.644,207.93,-1,-1,-1,-1
315,3,808.87,446.72,68.644,207.93,-1,-1,-1,-1
316,3,807.14,433.93,73.643,222.93,-1,-1,-1,-1
317,3,808.87,446.72,68.644,207.93,-1,-1,-1,-1
318,3,807.14,433.93,73.643,222.93,-1,-1,-1,-1
319,3,808.87,446.72,68.644,207.93,-1,-1,-1,-1
320,3,819.75,455.86,63.98,193.94,-1,-1,-1,-1
321,3,822.8,446.72,68.644,207.93,-1,-1,-1,-1
322,3,822.8,446.72,68.644,207.93,-1,-1,-1,-1
323,3,822.07,433.93,73.643,222.93,-1,-1,-1,-1
325,3,822.07,448.86,73.643,222.93,-1,-1,-1,-1
1,2,571.03,402.13,104.56,315.68,-1,-1,-1,-1
3,2,571.03,402.13,104.56,315.68,-1,-1,-1,-1
4,2,591.95,434.36,97.492,294.47,-1,-1,-1,-1
7,2,591.95,434.36,97.492,294.47,-1,-1,-1,-1
8,2,591.95,434.36,97.492,294.47,-1,-1,-1,-1
9,2,591.95,434.36,97.492,294.47,-1,-1,-1,-1
10,2,591.95,434.36,97.492,294.47,-1,-1,-1,-1
11,2,589.13,442.1,90.896,274.69,-1,-1,-1,-1
13,2,589.13,442.1,90.896,274.69,-1,-1,-1,-1
14,2,589.13,442.1,90.896,274.69,-1,-1,-1,-1
15,2,589.13,442.1,90.896,274.69,-1,-1,-1,-1
16,2,589.13,442.1,90.896,274.69,-1,-1,-1,-1
17,2,589.13,442.1,90.896,274.69,-1,-1,-1,-1
18,2,589.13,442.1,90.896,274.69,-1,-1,-1,-1
19,2,589.13,442.1,90.896,274.69,-1,-1,-1,-1
20,2,589.13,442.1,90.896,274.69,-1,-1,-1,-1
21,2,589.13,442.1,90.896,274.69,-1,-1,-1,-1
22,2,589.13,442.1,90.896,274.69,-1,-1,-1,-1
23,2,592.14,423.24,104.56,315.68,-1,-1,-1,-1
24,2,592.14,423.24,104.56,315.68,-1,-1,-1,-1
25,2,592.14,423.24,104.56,315.68,-1,-1,-1,-1
26,2,592.14,402.13,104.56,315.68,-1,-1,-1,-1
27,2,589.13,442.1,90.896,274.69,-1,-1,-1,-1
29,2,589.13,442.1,90.896,274.69,-1,-1,-1,-1
31,2,601.19,446.86,84.742,256.23,-1,-1,-1,-1
32,2,592.14,402.13,104.56,315.68,-1,-1,-1,-1
33,2,607.51,442.1,90.896,274.69,-1,-1,-1,-1
34,2,607.51,442.1,90.896,274.69,-1,-1,-1,-1
35,2,592.14,402.13,104.56,315.68,-1,-1,-1,-1
36,2,598.82,364.89,128.96,388.88,-1,-1,-1,-1
37,2,598.82,364.89,128.96,388.88,-1,-1,-1,-1
39,2,598.82,364.89,128.96,388.88,-1,-1,-1,-1
40,2,613.25,402.13,104.56,315.68,-1,-1,-1,-1
41,2,625.89,442.1,90.896,274.69,-1,-1,-1,-1
42,2,625.89,442.1,90.896,274.69,-1,-1,-1,-1
43,2,625.89,442.1,90.896,274.69,-1,-1,-1,-1
44,2,625.89,442.1,90.896,274.69,-1,-1,-1,-1
45,2,618.34,446.86,84.742,256.23,-1,-1,-1,-1
47,2,618.34,446.86,84.742,256.23,-1,-1,-1,-1
48,2,618.34,446.86,84.742,256.23,-1,-1,-1,-1
49,2,618.34,446.86,84.742,256.23,-1,-1,-1,-1
50,2,618.34,446.86,84.742,256.23,-1,-1,-1,-1
51,2,618.34,446.86,84.742,256.23,-1,-1,-1,-1
52,2,618.34,446.86,84.742,256.23,-1,-1,-1,-1
54,2,618.34,446.86,84.742,256.23,-1,-1,-1,-1
55,2,618.34,446.86,84.742,256.23,-1,-1,-1,-1
56,2,618.34,446.86,84.742,256.23,-1,-1,-1,-1
57,2,618.34,446.86,84.742,256.23,-1,-1,-1,-1
58,2,618.34,446.86,84.742,256.23,-1,-1,-1,-1
59,2,625.89,442.1,90.896,274.69,-1,-1,-1,-1
60,2,625.89,442.1,90.896,274.69,-1,-1,-1,-1
61,2,625.89,442.1,90.896,274.69,-1,-1,-1,-1
62,2,625.89,442.1,90.896,274.69,-1,-1,-1,-1
63,2,625.89,442.1,90.896,274.69,-1,-1,-1,-1
64,2,625.89,442.1,90.896,274.69,-1,-1,-1,-1
66,2,625.89,442.1,90.896,274.69,-1,-1,-1,-1
67,2,625.89,442.1,90.896,274.69,-1,-1,-1,-1
68,2,611.65,434.36,97.492,294.47,-1,-1,-1,-1
69,2,611.65,434.36,97.492,294.47,-1,-1,-1,-1
70,2,611.65,434.36,97.492,294.47,-1,-1,-1,-1
71,2,611.65,434.36,97.492,294.47,-1,-1,-1,-1
72,2,611.65,434.36,97.492,294.47,-1,-1,-1,-1
73,2,611.65,434.36,97.492,294.47,-1,-1,-1,-1
74,2,611.65,434.36,97.492,294.47,-1,-1,-1,-1
75,2,611.65,434.36,97.492,294.47,-1,-1,-1,-1
76,2,611.65,434.36,97.492,294.47,-1,-1,-1,-1
77,2,611.65,434.36,97.492,294.47,-1,-1,-1,-1
78,2,611.65,434.36,97.492,294.47,-1,-1,-1,-1
79,2,592.14,423.24,104.56,315.68,-1,-1,-1,-1
80,2,592.14,423.24,104.56,315.68,-1,-1,-1,-1
81,2,613.25,423.24,104.56,315.68,-1,-1,-1,-1
82,2,613.25,423.24,104.56,315.68,-1,-1,-1,-1
83,2,631.35,434.36,97.492,294.47,-1,-1,-1,-1
85,2,631.35,434.36,97.492,294.47,-1,-1,-1,-1
86,2,631.35,434.36,97.492,294.47,-1,-1,-1,-1
87,2,631.35,434.36,97.492,294.47,-1,-1,-1,-1
88,2,631.35,434.36,97.492,294.47,-1,-1,-1,-1
89,2,631.35,434.36,97.492,294.47,-1,-1,-1,-1
90,2,631.35,434.36,97.492,294.47,-1,-1,-1,-1
91,2,631.35,434.36,97.492,294.47,-1,-1,-1,-1
92,2,631.35,434.36,97.492,294.47,-1,-1,-1,-1
93,2,631.35,434.36,97.492,294.47,-1,-1,-1,-1
94,2,631.35,434.36,97.492,294.47,-1,-1,-1,-1
95,2,631.35,434.36,97.492,294.47,-1,-1,-1,-1
96,2,634.36,423.24,104.56,315.68,-1,-1,-1,-1
97,2,634.36,423.24,104.56,315.68,-1,-1,-1,-1
98,2,634.36,423.24,104.56,315.68,-1,-1,-1,-1
99,2,655.48,423.24,104.56,315.68,-1,-1,-1,-1
100,2,651.04,434.36,97.492,294.47,-1,-1,-1,-1
101,2,651.04,434.36,97.492,294.47,-1,-1,-1,-1
102,2,655.48,423.24,104.56,315.68,-1,-1,-1,-1
103,2,655.48,423.24,104.56,315.68,-1,-1,-1,-1
104,2,655.48,423.24,104.56,315.68,-1,-1,-1,-1
105,2,655.48,423.24,104.56,315.68,-1,-1,-1,-1
106,2,655.48,423.24,104.56,315.68,-1,-1,-1,-1
107,2,655.48,423.24,104.56,315.68,-1,-1,-1,-1
108,2,655.48,423.24,104.56,315.68,-1,-1,-1,-1
109,2,655.48,423.24,104.56,315.68,-1,-1,-1,-1
110,2,657.2,408.29,112.14,338.41,-1,-1,-1,-1
111,2,657.2,408.29,112.14,338.41,-1,-1,-1,-1
112,2,655.79,413.27,120.26,362.77,-1,-1,-1,-1
113,2,655.79,413.27,120.26,362.77,-1,-1,-1,-1
114,2,676.59,423.24,104.56,315.68,-1,-1,-1,-1
115,2,676.59,423.24,104.56,315.68,-1,-1,-1,-1
117,2,676.59,423.24,104.56,315.68,-1,-1,-1,-1
118,2,676.59,423.24,104.56,315.68,-1,-1,-1,-1
119,2,676.59,423.24,104.56,315.68,-1,-1,-1,-1
120,2,676.59,423.24,104.56,315.68,-1,-1,-1,-1
121,2,676.59,423.24,104.56,315.68,-1,-1,-1,-1
122,2,676.59,423.24,104.56,315.68,-1,-1,-1,-1
123,2,676.59,423.24,104.56,315.68,-1,-1,-1,-1
124,2,676.59,423.24,104.56,315.68,-1,-1,-1,-1
125,2,676.59,444.35,104.56,315.68,-1,-1,-1,-1
126,2,676.59,423.24,104.56,315.68,-1,-1,-1,-1
127,2,679.82,430.92,112.14,338.41,-1,-1,-1,-1
128,2,679.82,430.92,112.14,338.41,-1,-1,-1,-1
129,2,679.82,408.29,112.14,338.41,-1,-1,-1,-1
130,2,679.82,430.92,112.14,338.41,-1,-1,-1,-1
131,2,679.82,430.92,112.14,338.41,-1,-1,-1,-1
132,2,679.82,430.92,112.14,338.41,-1,-1,-1,-1
133,2,679.82,430.92,112.14,338.41,-1,-1,-1,-1
134,2,679.82,430.92,112.14,338.41,-1,-1,-1,-1
135,2,680.04,413.27,120.26,362.77,-1,-1,-1,-1
136,2,680.04,413.27,120.26,362.77,-1,-1,-1,-1
137,2,680.04,413.27,120.26,362.77,-1,-1,-1,-1
138,2,697.7,444.35,104.56,315.68,-1,-1,-1,-1
139,2,702.45,430.92,112.14,338.41,-1,-1,-1,-1
140,2,702.45,430.92,112.14,338.41,-1,-1,-1,-1
141,2,702.45,430.92,112.14,338.41,-1,-1,-1,-1
142,2,702.45,430.92,112.14,338.41,-1,-1,-1,-1
144,2,702.45,430.92,112.14,338.41,-1,-1,-1,-1
145,2,702.45,430.92,112.14,338.41,-1,-1,-1,-1
146,2,702.45,430.92,112.14,338.41,-1,-1,-1,-1
148,2,702.45,430.92,112.14,338.41,-1,-1,-1,-1
149,2,702.45,430.92,112.14,338.41,-1,-1,-1,-1
150,2,702.45,430.92,112.14,338.41,-1,-1,-1,-1
151,2,704.29,413.27,120.26,362.77,-1,-1,-1,-1
152,2,725.08,430.92,112.14,338.41,-1,-1,-1,-1
153,2,725.08,430.92,112.14,338.41,-1,-1,-1,-1
154,2,725.08,430.92,112.14,338.41,-1,-1,-1,-1
155,2,728.54,413.27,120.26,362.77,-1,-1,-1,-1
156,2,728.54,413.27,120.26,362.77,-1,-1,-1,-1
157,2,728.54,413.27,120.26,362.77,-1,-1,-1,-1
158,2,728.54,413.27,120.26,362.77,-1,-1,-1,-1
159,2,728.54,413.27,120.26,362.77,-1,-1,-1,-1
160,2,747.7,430.92,112.14,338.41,-1,-1,-1,-1
161,2,747.7,430.92,112.14,338.41,-1,-1,-1,-1
162,2,747.7,430.92,112.14,338.41,-1,-1,-1,-1
163,2,747.7,430.92,112.14,338.41,-1,-1,-1,-1
164,2,752.8,413.27,120.26,362.77,-1,-1,-1,-1
165,2,752.8,413.27,120.26,362.77,-1,-1,-1,-1
166,2,754.77,416.87,128.96,388.88,-1,-1,-1,-1
167,2,754.77,416.87,128.96,388.88,-1,-1,-1,-1
169,2,754.77,416.87,128.96,388.88,-1,-1,-1,-1
170,2,752.8,413.27,120.26,362.77,-1,-1,-1,-1
171,2,752.8,437.53,120.26,362.77,-1,-1,-1,-1
172,2,754.77,416.87,128.96,388.88,-1,-1,-1,-1
173,2,754.77,416.87,128.96,388.88,-1,-1,-1,-1
174,2,754.77,416.87,128.96,388.88,-1,-1,-1,-1
175,2,770.33,430.92,112.14,338.41,-1,-1,-1,-1
176,2,770.33,430.92,112.14,338.41,-1,-1,-1,-1
177,2,770.33,430.92,112.14,338.41,-1,-1,-1,-1
179,2,770.33,430.92,112.14,338.41,-1,-1,-1,-1
180,2,770.33,430.92,112.14,338.41,-1,-1,-1,-1
181,2,777.05,413.27,120.26,362.77,-1,-1,-1,-1
183,2,777.05,413.27,120.26,362.77,-1,-1,-1,-1
184,2,777.05,413.27,120.26,362.77,-1,-1,-1,-1
185,2,780.76,416.87,128.96,388.88,-1,-1,-1,-1
186,2,780.76,416.87,128.96,388.88,-1,-1,-1,-1
187,2,780.76,416.87,128.96,388.88,-1,-1,-1,-1
188,2,780.76,416.87,128.96,388.88,-1,-1,-1,-1
189,2,780.76,416.87,128.96,388.88,-1,-1,-1,-1
190,2,780.76,416.87,128.96,388.88,-1,-1,-1,-1
191,2,780.76,416.87,128.96,388.88,-1,-1,-1,-1
192,2,780.76,416.87,128.96,388.88,-1,-1,-1,-1
193,2,801.3,437.53,120.26,362.77,-1,-1,-1,-1
195,2,801.3,437.53,120.26,362.77,-1,-1,-1,-1
196,2,806.75,416.87,128.96,388.88,-1,-1,-1,-1
197,2,806.75,416.87,128.96,388.88,-1,-1,-1,-1
198,2,806.75,416.87,128.96,388.88,-1,-1,-1,-1
199,2,806.75,416.87,128.96,388.88,-1,-1,-1,-1
200,2,806.75,416.87,128.96,388.88,-1,-1,-1,-1
201,2,808.87,391.01,138.29,416.86,-1,-1,-1,-1
202,2,806.75,416.87,128.96,388.88,-1,-1,-1,-1
203,2,832.75,416.87,128.96,388.88,-1,-1,-1,-1
204,2,832.75,416.87,128.96,388.88,-1,-1,-1,-1
205,2,832.75,416.87,128.96,388.88,-1,-1,-1,-1
206,2,832.75,416.87,128.96,388.88,-1,-1,-1,-1
207,2,858.74,416.87,128.96,388.88,-1,-1,-1,-1
208,2,858.74,416.87,128.96,388.88,-1,-1,-1,-1
209,2,858.74,416.87,128.96,388.88,-1,-1,-1,-1
210,2,858.74,416.87,128.96,388.88,-1,-1,-1,-1
211,2,858.74,416.87,128.96,388.88,-1,-1,-1,-1
212,2,858.74,416.87,128.96,388.88,-1,-1,-1,-1
213,2,884.73,416.87,128.96,388.88,-1,-1,-1,-1
214,2,884.73,416.87,128.96,388.88,-1,-1,-1,-1
215,2,884.73,416.87,128.96,388.88,-1,-1,-1,-1
216,2,884.73,416.87,128.96,388.88,-1,-1,-1,-1
218,2,884.73,416.87,128.96,388.88,-1,-1,-1,-1
219,2,884.73,416.87,128.96,388.88,-1,-1,-1,-1
220,2,866.85,389.14,148.29,446.86,-1,-1,-1,-1
221,2,896.71,389.14,148.29,446.86,-1,-1,-1,-1
222,2,896.71,389.14,148.29,446.86,-1,-1,-1,-1
223,2,896.71,389.14,148.29,446.86,-1,-1,-1,-1
224,2,892.44,418.86,138.29,416.86,-1,-1,-1,-1
225,2,892.44,418.86,138.29,416.86,-1,-1,-1,-1
226,2,896.71,389.14,148.29,446.86,-1,-1,-1,-1
227,2,896.71,389.14,148.29,446.86,-1,-1,-1,-1
228,2,892.44,418.86,138.29,416.86,-1,-1,-1,-1
229,2,892.44,418.86,138.29,416.86,-1,-1,-1,-1
230,2,910.72,442.87,128.96,388.88,-1,-1,-1,-1
231,2,896.71,389.14,148.29,446.86,-1,-1,-1,-1
232,2,896.71,389.14,148.29,446.86,-1,-1,-1,-1
233,2,896.71,389.14,148.29,446.86,-1,-1,-1,-1
234,2,920.3,418.86,138.29,416.86,-1,-1,-1,-1
7,19,1254.6,446.72,33.822,103.47,-1,-1,-1,-1
8,19,1255,441.39,36.321,110.96,-1,-1,-1,-1
9,19,1254.6,446.72,33.822,103.47,-1,-1,-1,-1
10,19,1254.6,446.72,33.822,103.47,-1,-1,-1,-1
11,19,1254.6,446.72,33.822,103.47,-1,-1,-1,-1
12,19,1255.1,449.36,31.49,96.47,-1,-1,-1,-1
13,19,1254.6,446.72,33.822,103.47,-1,-1,-1,-1
14,19,1254.6,446.72,33.822,103.47,-1,-1,-1,-1
15,19,1254.6,446.72,33.822,103.47,-1,-1,-1,-1
16,19,1254.6,446.72,33.822,103.47,-1,-1,-1,-1
17,19,1254.6,446.72,33.822,103.47,-1,-1,-1,-1
18,19,1254.6,446.72,33.822,103.47,-1,-1,-1,-1
19,19,1255.1,449.36,31.49,96.47,-1,-1,-1,-1
20,19,1255.1,449.36,31.49,96.47,-1,-1,-1,-1
21,19,1254.6,446.72,33.822,103.47,-1,-1,-1,-1
22,19,1254.6,446.72,33.822,103.47,-1,-1,-1,-1
23,19,1254.6,446.72,33.822,103.47,-1,-1,-1,-1
24,19,1255.1,449.36,31.49,96.47,-1,-1,-1,-1
25,19,1255.1,449.36,31.49,96.47,-1,-1,-1,-1
26,19,1254.6,446.72,33.822,103.47,-1,-1,-1,-1
27,19,1254.6,446.72,33.822,103.47,-1,-1,-1,-1
28,19,1255.1,449.36,31.49,96.47,-1,-1,-1,-1
29,19,1254.6,446.72,33.822,103.47,-1,-1,-1,-1
30,19,1255.1,449.36,31.49,96.47,-1,-1,-1,-1
31,19,1254.6,446.72,33.822,103.47,-1,-1,-1,-1
33,19,1254.6,446.72,33.822,103.47,-1,-1,-1,-1
34,19,1254.6,446.72,33.822,103.47,-1,-1,-1,-1
35,19,1255.1,449.36,31.49,96.47,-1,-1,-1,-1
36,19,1255,441.39,36.321,110.96,-1,-1,-1,-1
37,19,1255,441.39,36.321,110.96,-1,-1,-1,-1
39,19,1255,441.39,36.321,110.96,-1,-1,-1,-1
40,19,1254.6,446.72,33.822,103.47,-1,-1,-1,-1
41,19,1255,441.39,36.321,110.96,-1,-1,-1,-1
42,19,1254.6,446.72,33.822,103.47,-1,-1,-1,-1
43,19,1254.6,446.72,33.822,103.47,-1,-1,-1,-1
44,19,1254.6,446.72,33.822,103.47,-1,-1,-1,-1
45,19,1254.6,446.72,33.822,103.47,-1,-1,-1,-1
47,19,1255,441.39,36.321,110.96,-1,-1,-1,-1
48,19,1255,441.39,36.321,110.96,-1,-1,-1,-1
49,19,1261.6,446.72,33.822,103.47,-1,-1,-1,-1
50,19,1261.6,446.72,33.822,103.47,-1,-1,-1,-1
363,6,52.984,442.87,128.96,388.88,-1,-1,-1,-1
364,6,52.984,442.87,128.96,388.88,-1,-1,-1,-1
365,6,73.754,461.78,120.26,362.77,-1,-1,-1,-1
366,6,73.754,461.78,120.26,362.77,-1,-1,-1,-1
367,6,84.573,418.86,138.29,416.86,-1,-1,-1,-1
368,6,104.97,442.87,128.96,388.88,-1,-1,-1,-1
369,6,104.97,442.87,128.96,388.88,-1,-1,-1,-1
370,6,122.26,437.53,120.26,362.77,-1,-1,-1,-1
371,6,130.96,442.87,128.96,388.88,-1,-1,-1,-1
372,6,130.96,442.87,128.96,388.88,-1,-1,-1,-1
373,6,146.51,437.53,120.26,362.77,-1,-1,-1,-1
374,6,146.51,437.53,120.26,362.77,-1,-1,-1,-1
375,6,156.95,442.87,128.96,388.88,-1,-1,-1,-1
376,6,156.95,442.87,128.96,388.88,-1,-1,-1,-1
377,6,156.95,442.87,128.96,388.88,-1,-1,-1,-1
378,6,182.94,442.87,128.96,388.88,-1,-1,-1,-1
379,6,195.01,437.53,120.26,362.77,-1,-1,-1,-1
380,6,208.94,442.87,128.96,388.88,-1,-1,-1,-1
381,6,219.26,437.53,120.26,362.77,-1,-1,-1,-1
382,6,243.51,437.53,120.26,362.77,-1,-1,-1,-1
383,6,243.51,437.53,120.26,362.77,-1,-1,-1,-1
384,6,243.51,437.53,120.26,362.77,-1,-1,-1,-1
385,6,267.77,437.53,120.26,362.77,-1,-1,-1,-1
386,6,267.77,437.53,120.26,362.77,-1,-1,-1,-1
387,6,267.77,437.53,120.26,362.77,-1,-1,-1,-1
388,6,272.53,453.55,112.14,338.41,-1,-1,-1,-1
389,6,292.02,437.53,120.26,362.77,-1,-1,-1,-1
390,6,292.02,437.53,120.26,362.77,-1,-1,-1,-1
391,6,292.02,437.53,120.26,362.77,-1,-1,-1,-1
392,6,286.91,416.87,128.96,388.88,-1,-1,-1,-1
393,6,286.91,416.87,128.96,388.88,-1,-1,-1,-1
394,6,316.27,437.53,120.26,362.77,-1,-1,-1,-1
395,6,316.27,437.53,120.26,362.77,-1,-1,-1,-1
396,6,338.79,444.35,104.56,315.68,-1,-1,-1,-1
397,6,340.52,437.53,120.26,362.77,-1,-1,-1,-1
398,6,359.91,444.35,104.56,315.68,-1,-1,-1,-1
399,6,363.04,453.55,112.14,338.41,-1,-1,-1,-1
400,6,381.02,444.35,104.56,315.68,-1,-1,-1,-1
401,6,385.67,430.92,112.14,338.41,-1,-1,-1,-1
402,6,385.67,430.92,112.14,338.41,-1,-1,-1,-1
403,6,385.67,430.92,112.14,338.41,-1,-1,-1,-1
404,6,402.13,444.35,104.56,315.68,-1,-1,-1,-1
405,6,408.29,430.92,112.14,338.41,-1,-1,-1,-1
406,6,408.29,430.92,112.14,338.41,-1,-1,-1,-1
407,6,408.29,430.92,112.14,338.41,-1,-1,-1,-1
408,6,423.24,444.35,104.56,315.68,-1,-1,-1,-1
409,6,423.24,444.35,104.56,315.68,-1,-1,-1,-1
410,6,430.92,430.92,112.14,338.41,-1,-1,-1,-1
411,6,430.92,430.92,112.14,338.41,-1,-1,-1,-1
412,6,430.92,430.92,112.14,338.41,-1,-1,-1,-1
413,6,430.92,430.92,112.14,338.41,-1,-1,-1,-1
414,6,434.36,454.06,97.492,294.47,-1,-1,-1,-1
415,6,444.35,444.35,104.56,315.68,-1,-1,-1,-1
416,6,465.47,444.35,104.56,315.68,-1,-1,-1,-1
418,6,465.47,444.35,104.56,315.68,-1,-1,-1,-1
419,6,486.58,444.35,104.56,315.68,-1,-1,-1,-1
421,6,486.58,444.35,104.56,315.68,-1,-1,-1,-1
422,6,498.8,430.92,112.14,338.41,-1,-1,-1,-1
423,6,498.8,430.92,112.14,338.41,-1,-1,-1,-1
424,6,498.8,430.92,112.14,338.41,-1,-1,-1,-1
425,6,498.8,430.92,112.14,338.41,-1,-1,-1,-1
426,6,521.43,430.92,112.14,338.41,-1,-1,-1,-1
427,6,528.8,444.35,104.56,315.68,-1,-1,-1,-1
428,6,528.8,423.24,104.56,315.68,-1,-1,-1,-1
429,6,528.8,423.24,104.56,315.68,-1,-1,-1,-1
430,6,532.85,434.36,97.492,294.47,-1,-1,-1,-1
431,6,528.8,444.35,104.56,315.68,-1,-1,-1,-1
432,6,544.06,430.92,112.14,338.41,-1,-1,-1,-1
433,6,549.92,423.24,104.56,315.68,-1,-1,-1,-1
434,6,549.92,444.35,104.56,315.68,-1,-1,-1,-1
435,6,566.69,430.92,112.14,338.41,-1,-1,-1,-1
436,6,566.69,430.92,112.14,338.41,-1,-1,-1,-1
437,6,571.03,423.24,104.56,315.68,-1,-1,-1,-1
438,6,591.95,434.36,97.492,294.47,-1,-1,-1,-1
439,6,591.95,434.36,97.492,294.47,-1,-1,-1,-1
440,6,591.95,434.36,97.492,294.47,-1,-1,-1,-1
441,6,592.14,423.24,104.56,315.68,-1,-1,-1,-1
442,6,592.14,423.24,104.56,315.68,-1,-1,-1,-1
443,6,589.31,430.92,112.14,338.41,-1,-1,-1,-1
444,6,611.65,434.36,97.492,294.47,-1,-1,-1,-1
445,6,611.65,434.36,97.492,294.47,-1,-1,-1,-1
446,6,611.65,434.36,97.492,294.47,-1,-1,-1,-1
447,6,613.25,423.24,104.56,315.68,-1,-1,-1,-1
448,6,613.25,423.24,104.56,315.68,-1,-1,-1,-1
449,6,631.35,434.36,97.492,294.47,-1,-1,-1,-1
450,6,631.35,434.36,97.492,294.47,-1,-1,-1,-1
451,6,634.36,444.35,104.56,315.68,-1,-1,-1,-1
194,7,506.88,446.86,41.871,127.61,-1,-1,-1,-1
195,7,506.88,446.86,41.871,127.61,-1,-1,-1,-1
196,7,506.88,438.28,41.871,127.61,-1,-1,-1,-1
197,7,513,449,39,119,-1,-1,-1,-1
198,7,513,449,39,119,-1,-1,-1,-1
199,7,513,449,39,119,-1,-1,-1,-1
200,7,506.88,446.86,41.871,127.61,-1,-1,-1,-1
201,7,506.88,446.86,41.871,127.61,-1,-1,-1,-1
202,7,506.88,446.86,41.871,127.61,-1,-1,-1,-1
203,7,506.88,446.86,41.871,127.61,-1,-1,-1,-1
204,7,506.88,446.86,41.871,127.61,-1,-1,-1,-1
206,7,506.88,446.86,41.871,127.61,-1,-1,-1,-1
207,7,505,449,39,119,-1,-1,-1,-1
208,7,505,449,39,119,-1,-1,-1,-1
209,7,505,449,39,119,-1,-1,-1,-1
210,7,505,449,39,119,-1,-1,-1,-1
211,7,505,449,39,119,-1,-1,-1,-1
212,7,505,449,39,119,-1,-1,-1,-1
213,7,505,449,39,119,-1,-1,-1,-1
214,7,505,449,39,119,-1,-1,-1,-1
215,7,505,449,39,119,-1,-1,-1,-1
216,7,505,449,39,119,-1,-1,-1,-1
217,7,505,449,39,119,-1,-1,-1,-1
218,7,505,449,39,119,-1,-1,-1,-1
219,7,505,449,39,119,-1,-1,-1,-1
220,7,505,449,39,119,-1,-1,-1,-1
221,7,505,449,39,119,-1,-1,-1,-1
222,7,505,449,39,119,-1,-1,-1,-1
223,7,505,449,39,119,-1,-1,-1,-1
225,7,505,449,39,119,-1,-1,-1,-1
226,7,505,449,39,119,-1,-1,-1,-1
227,7,505,449,39,119,-1,-1,-1,-1
228,7,505,449,39,119,-1,-1,-1,-1
229,7,505,449,39,119,-1,-1,-1,-1
230,7,505,449,39,119,-1,-1,-1,-1
231,7,505,449,39,119,-1,-1,-1,-1
232,7,505,449,39,119,-1,-1,-1,-1
233,7,505,449,39,119,-1,-1,-1,-1
234,7,505,449,39,119,-1,-1,-1,-1
235,7,505,449,39,119,-1,-1,-1,-1
236,7,505,449,39,119,-1,-1,-1,-1
237,7,505,449,39,119,-1,-1,-1,-1
238,7,505,449,39,119,-1,-1,-1,-1
240,7,505,449,39,119,-1,-1,-1,-1
241,7,505,449,39,119,-1,-1,-1,-1
242,7,505,449,39,119,-1,-1,-1,-1
243,7,505,449,39,119,-1,-1,-1,-1
244,7,505,449,39,119,-1,-1,-1,-1
245,7,505,449,39,119,-1,-1,-1,-1
246,7,505,449,39,119,-1,-1,-1,-1
247,7,505,449,39,119,-1,-1,-1,-1
248,7,505,449,39,119,-1,-1,-1,-1
249,7,505,449,39,119,-1,-1,-1,-1
250,7,506.88,446.86,41.871,127.61,-1,-1,-1,-1
251,7,506.88,446.86,41.871,127.61,-1,-1,-1,-1
253,7,506.88,446.86,41.871,127.61,-1,-1,-1,-1
254,7,506.88,446.86,41.871,127.61,-1,-1,-1,-1
255,7,506.88,446.86,41.871,127.61,-1,-1,-1,-1
256,7,506.88,446.86,41.871,127.61,-1,-1,-1,-1
257,7,506.88,446.86,41.871,127.61,-1,-1,-1,-1
258,7,506.88,446.86,41.871,127.61,-1,-1,-1,-1
259,7,506.88,446.86,41.871,127.61,-1,-1,-1,-1
260,7,505,449,39,119,-1,-1,-1,-1
261,7,505,449,39,119,-1,-1,-1,-1
262,7,505,449,39,119,-1,-1,-1,-1
263,7,505,449,39,119,-1,-1,-1,-1
264,7,505,449,39,119,-1,-1,-1,-1
265,7,505,449,39,119,-1,-1,-1,-1
266,7,505,449,39,119,-1,-1,-1,-1
267,7,505,449,39,119,-1,-1,-1,-1
268,7,505,449,39,119,-1,-1,-1,-1
269,7,505,449,39,119,-1,-1,-1,-1
270,7,505,449,39,119,-1,-1,-1,-1
271,7,505,449,39,119,-1,-1,-1,-1
272,7,505,449,39,119,-1,-1,-1,-1
273,7,505,449,39,119,-1,-1,-1,-1
274,7,505,449,39,119,-1,-1,-1,-1
275,7,505,449,39,119,-1,-1,-1,-1
276,7,505,449,39,119,-1,-1,-1,-1
277,7,505,449,39,119,-1,-1,-1,-1
278,7,505,449,39,119,-1,-1,-1,-1
279,7,505,449,39,119,-1,-1,-1,-1
280,7,505,449,39,119,-1,-1,-1,-1
281,7,505,449,39,119,-1,-1,-1,-1
282,7,505,449,39,119,-1,-1,-1,-1
283,7,505,449,39,119,-1,-1,-1,-1
284,7,505,449,39,119,-1,-1,-1,-1
285,7,505,449,39,119,-1,-1,-1,-1
286,7,505,449,39,119,-1,-1,-1,-1
287,7,505,449,39,119,-1,-1,-1,-1
288,7,505,449,39,119,-1,-1,-1,-1
289,7,505,449,39,119,-1,-1,-1,-1
290,7,505,449,39,119,-1,-1,-1,-1
291,7,505,449,39,119,-1,-1,-1,-1
292,7,505,449,39,119,-1,-1,-1,-1
293,7,505,449,39,119,-1,-1,-1,-1
294,7,505,449,39,119,-1,-1,-1,-1
295,7,497.24,442.1,44.948,136.84,-1,-1,-1,-1
296,7,497.24,442.1,44.948,136.84,-1,-1,-1,-1
297,7,505,449,39,119,-1,-1,-1,-1
298,7,505,449,39,119,-1,-1,-1,-1
299,7,505,449,39,119,-1,-1,-1,-1
300,7,505,449,39,119,-1,-1,-1,-1
301,7,505,449,39,119,-1,-1,-1,-1
302,7,505,449,39,119,-1,-1,-1,-1
303,7,505,449,39,119,-1,-1,-1,-1
304,7,505,449,39,119,-1,-1,-1,-1
305,7,505,449,39,119,-1,-1,-1,-1
306,7,505,449,39,119,-1,-1,-1,-1
307,7,505,449,39,119,-1,-1,-1,-1
308,7,505,449,39,119,-1,-1,-1,-1
309,7,497,449,39,119,-1,-1,-1,-1
311,7,497,449,39,119,-1,-1,-1,-1
312,7,497,449,39,119,-1,-1,-1,-1
1,15,454.06,434.36,97.492,294.47,-1,-1,-1,-1
2,15,460.48,442.1,90.896,274.69,-1,-1,-1,-1
4,15,460.48,442.1,90.896,274.69,-1,-1,-1,-1
5,15,460.48,442.1,90.896,274.69,-1,-1,-1,-1
6,15,460.48,442.1,90.896,274.69,-1,-1,-1,-1
7,15,454.06,434.36,97.492,294.47,-1,-1,-1,-1
8,15,454.06,434.36,97.492,294.47,-1,-1,-1,-1
9,15,460.48,442.1,90.896,274.69,-1,-1,-1,-1
10,15,460.48,442.1,90.896,274.69,-1,-1,-1,-1
11,15,460.48,442.1,90.896,274.69,-1,-1,-1,-1
12,15,460.48,442.1,90.896,274.69,-1,-1,-1,-1
13,15,453.55,430.92,112.14,338.41,-1,-1,-1,-1
14,15,465.47,423.24,104.56,315.68,-1,-1,-1,-1
15,15,481.15,464.01,84.742,256.23,-1,-1,-1,-1
16,15,478.86,460.48,90.896,274.69,-1,-1,-1,-1
17,15,465.47,444.35,104.56,315.68,-1,-1,-1,-1
18,15,465.47,444.35,104.56,315.68,-1,-1,-1,-1
19,15,465.47,444.35,104.56,315.68,-1,-1,-1,-1
20,15,473.76,454.06,97.492,294.47,-1,-1,-1,-1
22,15,473.76,454.06,97.492,294.47,-1,-1,-1,-1
23,15,478.86,442.1,90.896,274.69,-1,-1,-1,-1
24,15,476.18,430.92,112.14,338.41,-1,-1,-1,-1
25,15,453.55,430.92,112.14,338.41,-1,-1,-1,-1
27,15,453.55,430.92,112.14,338.41,-1,-1,-1,-1
28,15,486.58,444.35,104.56,315.68,-1,-1,-1,-1
29,15,493.46,434.36,97.492,294.47,-1,-1,-1,-1
30,15,493.46,454.06,97.492,294.47,-1,-1,-1,-1
31,15,493.46,454.06,97.492,294.47,-1,-1,-1,-1
32,15,497.24,442.1,90.896,274.69,-1,-1,-1,-1
33,15,497.24,442.1,90.896,274.69,-1,-1,-1,-1
34,15,497.24,442.1,90.896,274.69,-1,-1,-1,-1
35,15,497.24,442.1,90.896,274.69,-1,-1,-1,-1
36,15,493.46,454.06,97.492,294.47,-1,-1,-1,-1
37,15,486.58,444.35,104.56,315.68,-1,-1,-1,-1
38,15,486.58,444.35,104.56,315.68,-1,-1,-1,-1
39,15,493.46,454.06,97.492,294.47,-1,-1,-1,-1
40,15,493.46,454.06,97.492,294.47,-1,-1,-1,-1
41,15,486.58,444.35,104.56,315.68,-1,-1,-1,-1
42,15,486.58,444.35,104.56,315.68,-1,-1,-1,-1
43,15,486.58,444.35,104.56,315.68,-1,-1,-1,-1
44,15,486.58,444.35,104.56,315.68,-1,-1,-1,-1
45,15,486.58,444.35,104.56,315.68,-1,-1,-1,-1
46,15,486.58,444.35,104.56,315.68,-1,-1,-1,-1
47,15,486.58,444.35,104.56,315.68,-1,-1,-1,-1
48,15,486.58,444.35,104.56,315.68,-1,-1,-1,-1
49,15,486.58,444.35,104.56,315.68,-1,-1,-1,-1
50,15,486.58,444.35,104.56,315.68,-1,-1,-1,-1
51,15,486.58,444.35,104.56,315.68,-1,-1,-1,-1
52,15,486.58,444.35,104.56,315.68,-1,-1,-1,-1
53,15,486.58,444.35,104.56,315.68,-1,-1,-1,-1
54,15,486.58,444.35,104.56,315.68,-1,-1,-1,-1
55,15,486.58,444.35,104.56,315.68,-1,-1,-1,-1
56,15,486.58,444.35,104.56,315.68,-1,-1,-1,-1
57,15,498.8,430.92,112.14,338.41,-1,-1,-1,-1
58,15,498.8,430.92,112.14,338.41,-1,-1,-1,-1
59,15,493.46,454.06,97.492,294.47,-1,-1,-1,-1
60,15,493.46,434.36,97.492,294.47,-1,-1,-1,-1
61,15,497.24,460.48,90.896,274.69,-1,-1,-1,-1
62,15,507.69,444.35,104.56,315.68,-1,-1,-1,-1
64,15,498.8,430.92,112.14,338.41,-1,-1,-1,-1
65,15,513.16,454.06,97.492,294.47,-1,-1,-1,-1
66,15,513.16,454.06,97.492,294.47,-1,-1,-1,-1
67,15,513.16,454.06,97.492,294.47,-1,-1,-1,-1
68,15,513.16,454.06,97.492,294.47,-1,-1,-1,-1
69,15,513.16,454.06,97.492,294.47,-1,-1,-1,-1
70,15,528.8,444.35,104.56,315.68,-1,-1,-1,-1
71,15,528.8,444.35,104.56,315.68,-1,-1,-1,-1
72,15,528.8,444.35,104.56,315.68,-1,-1,-1,-1
73,15,528.8,444.35,104.56,315.68,-1,-1,-1,-1
74,15,544.06,430.92,112.14,338.41,-1,-1,-1,-1
75,15,544.06,430.92,112.14,338.41,-1,-1,-1,-1
205,13,1056.6,402.13,104.56,315.68,-1,-1,-1,-1
206,13,1064.7,434.36,97.492,294.47,-1,-1,-1,-1
207,13,1016.1,329.43,148.29,446.86,-1,-1,-1,-1
208,13,1016.1,329.43,148.29,446.86,-1,-1,-1,-1
209,13,1016.1,329.43,148.29,446.86,-1,-1,-1,-1
210,13,1016.1,329.43,148.29,446.86,-1,-1,-1,-1
211,13,1031.7,363.15,138.29,416.86,-1,-1,-1,-1
212,13,1046,329.43,148.29,446.86,-1,-1,-1,-1
213,13,1046,329.43,148.29,446.86,-1,-1,-1,-1
214,13,1043.8,389.02,120.26,362.77,-1,-1,-1,-1
215,13,1040.7,390.88,128.96,388.88,-1,-1,-1,-1
216,13,1040.7,390.88,128.96,388.88,-1,-1,-1,-1
217,13,1046,329.43,148.29,446.86,-1,-1,-1,-1
218,13,1046,329.43,148.29,446.86,-1,-1,-1,-1
219,13,1066.7,390.88,128.96,388.88,-1,-1,-1,-1
220,13,1066.7,390.88,128.96,388.88,-1,-1,-1,-1
221,13,1092.7,390.88,128.96,388.88,-1,-1,-1,-1
223,13,1092.3,413.27,120.26,362.77,-1,-1,-1,-1
224,13,1092.7,390.88,128.96,388.88,-1,-1,-1,-1
225,13,1092.3,437.53,120.26,362.77,-1,-1,-1,-1
226,13,1092.3,437.53,120.26,362.77,-1,-1,-1,-1
227,13,1118.7,390.88,128.96,388.88,-1,-1,-1,-1
228,13,1116.6,437.53,120.26,362.77,-1,-1,-1,-1
229,13,1109.7,453.55,112.14,338.41,-1,-1,-1,-1
230,13,1118.7,390.88,128.96,388.88,-1,-1,-1,-1
231,13,1118.7,390.88,128.96,388.88,-1,-1,-1,-1
232,13,1118.7,390.88,128.96,388.88,-1,-1,-1,-1
233,13,1144.7,390.88,128.96,388.88,-1,-1,-1,-1
234,13,1144.7,390.88,128.96,388.88,-1,-1,-1,-1
235,13,1144.7,390.88,128.96,388.88,-1,-1,-1,-1
236,13,1135.6,389.14,148.29,446.86,-1,-1,-1,-1
237,13,1132.8,309.67,170.48,513.45,-1,-1,-1,-1
238,13,1132.8,309.67,170.48,513.45,-1,-1,-1,-1
239,13,1103.8,295.07,182.79,550.38,-1,-1,-1,-1
240,13,1103.8,295.07,182.79,550.38,-1,-1,-1,-1
241,13,1143.5,237.38,195.98,589.95,-1,-1,-1,-1
242,13,1167.1,309.67,170.48,513.45,-1,-1,-1,-1
243,13,1167.1,309.67,170.48,513.45,-1,-1,-1,-1
244,13,1167.1,343.97,170.48,513.45,-1,-1,-1,-1
245,13,1182.9,237.38,195.98,589.95,-1,-1,-1,-1
246,13,1183.3,254.35,210.12,632.36,-1,-1,-1,-1
247,13,1201.4,309.67,170.48,513.45,-1,-1,-1,-1
248,13,1201.4,309.67,170.48,513.45,-1,-1,-1,-1
249,13,1225.1,359.28,148.29,446.86,-1,-1,-1,-1
250,13,1214,258.31,182.79,550.38,-1,-1,-1,-1
251,13,1214,258.31,182.79,550.38,-1,-1,-1,-1
252,13,1182.9,276.78,195.98,589.95,-1,-1,-1,-1
254,13,1222.3,276.78,195.98,589.95,-1,-1,-1,-1
255,13,1254.6,391.01,138.29,416.86,-1,-1,-1,-1
256,13,1249,353,159,479,-1,-1,-1,-1
257,13,1282.5,418.86,138.29,416.86,-1,-1,-1,-1
258,13,1284.9,359.28,148.29,446.86,-1,-1,-1,-1
259,13,1300.6,442.87,128.96,388.88,-1,-1,-1,-1
260,13,1300.6,442.87,128.96,388.88,-1,-1,-1,-1
261,13,1310.3,418.86,138.29,416.86,-1,-1,-1,-1
263,13,1310.3,418.86,138.29,416.86,-1,-1,-1,-1
264,13,1326.6,442.87,128.96,388.88,-1,-1,-1,-1
265,13,1338.2,418.86,138.29,416.86,-1,-1,-1,-1
266,13,1338.2,418.86,138.29,416.86,-1,-1,-1,-1
267,13,1338.2,418.86,138.29,416.86,-1,-1,-1,-1
268,13,1352.6,442.87,128.96,388.88,-1,-1,-1,-1
269,13,1352.6,442.87,128.96,388.88,-1,-1,-1,-1
270,13,1366,418.86,138.29,416.86,-1,-1,-1,-1
271,13,1378.6,442.87,128.96,388.88,-1,-1,-1,-1
272,13,1374.4,419,148.29,446.86,-1,-1,-1,-1
273,13,1374.4,419,148.29,446.86,-1,-1,-1,-1
274,13,1393.9,446.72,138.29,416.86,-1,-1,-1,-1
275,13,1404.3,419,148.29,446.86,-1,-1,-1,-1
276,13,1409,385,159,479,-1,-1,-1,-1
277,13,1434.1,419,148.29,446.86,-1,-1,-1,-1
278,13,1434.1,419,148.29,446.86,-1,-1,-1,-1
279,13,1434.1,419,148.29,446.86,-1,-1,-1,-1
280,13,1464,419,148.29,446.86,-1,-1,-1,-1
282,13,1464,419,148.29,446.86,-1,-1,-1,-1
283,13,1464,419,148.29,446.86,-1,-1,-1,-1
284,13,1473,417,159,479,-1,-1,-1,-1
285,13,1493.9,419,148.29,446.86,-1,-1,-1,-1
286,13,1493.9,419,148.29,446.86,-1,-1,-1,-1
287,13,1493.9,419,148.29,446.86,-1,-1,-1,-1
288,13,1505.3,446.72,138.29,416.86,-1,-1,-1,-1
290,13,1493.9,419,148.29,446.86,-1,-1,-1,-1
291,13,1510.1,412.56,170.48,513.45,-1,-1,-1,-1
292,13,1544.4,343.97,170.48,513.45,-1,-1,-1,-1
293,13,1544.4,343.97,170.48,513.45,-1,-1,-1,-1
294,13,1544.4,412.56,170.48,513.45,-1,-1,-1,-1
295,13,1583.4,419,148.29,446.86,-1,-1,-1,-1
296,13,1578.7,412.56,170.48,513.45,-1,-1,-1,-1
297,13,1613.3,448.86,148.29,446.86,-1,-1,-1,-1
298,13,1613.3,448.86,148.29,446.86,-1,-1,-1,-1
299,13,1613.3,448.86,148.29,446.86,-1,-1,-1,-1
300,13,1618.4,368.58,182.79,550.38,-1,-1,-1,-1
302,13,1618.4,368.58,182.79,550.38,-1,-1,-1,-1
303,13,1616.3,355.57,195.98,589.95,-1,-1,-1,-1
304,13,1647.2,412.56,170.48,513.45,-1,-1,-1,-1
305,13,1673,448.86,148.29,446.86,-1,-1,-1,-1
306,13,1655.7,316.17,195.98,589.95,-1,-1,-1,-1
307,13,1695.1,316.17,195.98,589.95,-1,-1,-1,-1
308,13,1695.1,316.17,195.98,589.95,-1,-1,-1,-1
83,1,558.78,437.53,120.26,362.77,-1,-1,-1,-1
84,1,558.78,437.53,120.26,362.77,-1,-1,-1,-1
85,1,558.78,437.53,120.26,362.77,-1,-1,-1,-1
86,1,558.78,437.53,120.26,362.77,-1,-1,-1,-1
87,1,558.78,437.53,120.26,362.77,-1,-1,-1,-1
89,1,558.78,437.53,120.26,362.77,-1,-1,-1,-1
90,1,558.78,437.53,120.26,362.77,-1,-1,-1,-1
91,1,566.69,430.92,112.14,338.41,-1,-1,-1,-1
92,1,566.69,430.92,112.14,338.41,-1,-1,-1,-1
93,1,566.69,430.92,112.14,338.41,-1,-1,-1,-1
94,1,558.78,437.53,120.26,362.77,-1,-1,-1,-1
95,1,558.78,437.53,120.26,362.77,-1,-1,-1,-1
96,1,566.69,430.92,112.14,338.41,-1,-1,-1,-1
97,1,566.69,430.92,112.14,338.41,-1,-1,-1,-1
98,1,566.69,430.92,112.14,338.41,-1,-1,-1,-1
99,1,558.78,437.53,120.26,362.77,-1,-1,-1,-1
100,1,558.78,437.53,120.26,362.77,-1,-1,-1,-1
101,1,546.83,442.87,128.96,388.88,-1,-1,-1,-1
102,1,546.83,442.87,128.96,388.88,-1,-1,-1,-1
103,1,566.69,453.55,112.14,338.41,-1,-1,-1,-1
104,1,558.78,437.53,120.26,362.77,-1,-1,-1,-1
106,1,558.78,437.53,120.26,362.77,-1,-1,-1,-1
107,1,558.78,437.53,120.26,362.77,-1,-1,-1,-1
109,1,558.78,437.53,120.26,362.77,-1,-1,-1,-1
110,1,558.15,418.86,138.29,416.86,-1,-1,-1,-1
111,1,572.83,442.87,128.96,388.88,-1,-1,-1,-1
112,1,566.69,453.55,112.14,338.41,-1,-1,-1,-1
113,1,566.69,453.55,112.14,338.41,-1,-1,-1,-1
114,1,572.83,442.87,128.96,388.88,-1,-1,-1,-1
115,1,572.83,442.87,128.96,388.88,-1,-1,-1,-1
116,1,572.83,442.87,128.96,388.88,-1,-1,-1,-1
117,1,572.83,442.87,128.96,388.88,-1,-1,-1,-1
118,1,572.83,442.87,128.96,388.88,-1,-1,-1,-1
120,1,572.83,442.87,128.96,388.88,-1,-1,-1,-1
121,1,572.83,442.87,128.96,388.88,-1,-1,-1,-1
122,1,583.04,461.78,120.26,362.77,-1,-1,-1,-1
123,1,572.83,442.87,128.96,388.88,-1,-1,-1,-1
124,1,572.83,442.87,128.96,388.88,-1,-1,-1,-1
125,1,572.83,442.87,128.96,388.88,-1,-1,-1,-1
126,1,572.83,442.87,128.96,388.88,-1,-1,-1,-1
127,1,572.83,442.87,128.96,388.88,-1,-1,-1,-1
128,1,586.01,418.86,138.29,416.86,-1,-1,-1,-1
129,1,586.01,418.86,138.29,416.86,-1,-1,-1,-1
130,1,586.01,418.86,138.29,416.86,-1,-1,-1,-1
131,1,568.28,419,148.29,446.86,-1,-1,-1,-1
132,1,568.28,419,148.29,446.86,-1,-1,-1,-1
134,1,568.28,419,148.29,446.86,-1,-1,-1,-1
136,1,568.28,419,148.29,446.86,-1,-1,-1,-1
137,1,568.28,419,148.29,446.86,-1,-1,-1,-1
138,1,568.28,419,148.29,446.86,-1,-1,-1,-1
139,1,568.28,419,148.29,446.86,-1,-1,-1,-1
141,1,568.28,419,148.29,446.86,-1,-1,-1,-1
142,1,586.01,446.72,138.29,416.86,-1,-1,-1,-1
143,1,586.01,446.72,138.29,416.86,-1,-1,-1,-1
145,1,586.01,446.72,138.29,416.86,-1,-1,-1,-1
146,1,586.01,446.72,138.29,416.86,-1,-1,-1,-1
147,1,586.01,446.72,138.29,416.86,-1,-1,-1,-1
148,1,586.01,446.72,138.29,416.86,-1,-1,-1,-1
149,1,586.01,446.72,138.29,416.86,-1,-1,-1,-1
150,1,568.28,419,148.29,446.86,-1,-1,-1,-1
151,1,568.28,419,148.29,446.86,-1,-1,-1,-1
152,1,568.28,419,148.29,446.86,-1,-1,-1,-1
153,1,568.28,419,148.29,446.86,-1,-1,-1,-1
154,1,568.28,419,148.29,446.86,-1,-1,-1,-1
156,1,568.28,419,148.29,446.86,-1,-1,-1,-1
157,1,568.28,419,148.29,446.86,-1,-1,-1,-1
158,1,568.28,419,148.29,446.86,-1,-1,-1,-1
159,1,568.28,419,148.29,446.86,-1,-1,-1,-1
160,1,568.28,419,148.29,446.86,-1,-1,-1,-1
161,1,568.28,419,148.29,446.86,-1,-1,-1,-1
162,1,549.75,412.56,170.48,513.45,-1,-1,-1,-1
164,1,549.75,412.56,170.48,513.45,-1,-1,-1,-1
165,1,549.75,412.56,170.48,513.45,-1,-1,-1,-1
166,1,549.75,412.56,170.48,513.45,-1,-1,-1,-1
167,1,549.75,412.56,170.48,513.45,-1,-1,-1,-1
168,1,549.75,412.56,170.48,513.45,-1,-1,-1,-1
169,1,549.75,412.56,170.48,513.45,-1,-1,-1,-1
170,1,549.75,412.56,170.48,513.45,-1,-1,-1,-1
171,1,577,417,159,479,-1,-1,-1,-1
172,1,584.04,412.56,170.48,513.45,-1,-1,-1,-1
173,1,584.04,412.56,170.48,513.45,-1,-1,-1,-1
174,1,584.04,412.56,170.48,513.45,-1,-1,-1,-1
175,1,584.04,412.56,170.48,513.45,-1,-1,-1,-1
176,1,584.04,412.56,170.48,513.45,-1,-1,-1,-1
177,1,584.04,412.56,170.48,513.45,-1,-1,-1,-1
178,1,589.13,405.34,182.79,550.38,-1,-1,-1,-1
179,1,589.13,405.34,182.79,550.38,-1,-1,-1,-1
180,1,609,417,159,479,-1,-1,-1,-1
181,1,618.34,412.56,170.48,513.45,-1,-1,-1,-1
182,1,618.34,412.56,170.48,513.45,-1,-1,-1,-1
183,1,628,448.86,148.29,446.86,-1,-1,-1,-1
184,1,628,448.86,148.29,446.86,-1,-1,-1,-1
185,1,618.34,412.56,170.48,513.45,-1,-1,-1,-1
186,1,618.34,412.56,170.48,513.45,-1,-1,-1,-1
187,1,625.89,405.34,182.79,550.38,-1,-1,-1,-1
188,1,625.89,405.34,182.79,550.38,-1,-1,-1,-1
190,1,625.89,405.34,182.79,550.38,-1,-1,-1,-1
191,1,652.64,412.56,170.48,513.45,-1,-1,-1,-1
192,1,652.64,412.56,170.48,513.45,-1,-1,-1,-1
193,1,634.36,381.02,210.12,632.36,-1,-1,-1,-1
194,1,662.65,405.34,182.79,550.38,-1,-1,-1,-1
195,1,662.65,405.34,182.79,550.38,-1,-1,-1,-1
196,1,670.74,394.97,195.98,589.95,-1,-1,-1,-1
197,1,670.74,394.97,195.98,589.95,-1,-1,-1,-1
198,1,662.65,405.34,182.79,550.38,-1,-1,-1,-1
199,1,662.65,405.34,182.79,550.38,-1,-1,-1,-1
200,1,662.65,405.34,182.79,550.38,-1,-1,-1,-1
201,1,670.74,394.97,195.98,589.95,-1,-1,-1,-1
202,1,670.74,394.97,195.98,589.95,-1,-1,-1,-1
203,1,670.74,394.97,195.98,589.95,-1,-1,-1,-1
204,1,670.74,394.97,195.98,589.95,-1,-1,-1,-1
206,1,670.74,394.97,195.98,589.95,-1,-1,-1,-1
208,1,670.74,394.97,195.98,589.95,-1,-1,-1,-1
209,1,670.74,394.97,195.98,589.95,-1,-1,-1,-1
210,1,670.74,394.97,195.98,589.95,-1,-1,-1,-1
211,1,670.74,394.97,195.98,589.95,-1,-1,-1,-1
212,1,676.59,381.02,210.12,632.36,-1,-1,-1,-1
214,1,676.59,381.02,210.12,632.36,-1,-1,-1,-1
215,1,710.14,394.97,195.98,589.95,-1,-1,-1,-1
216,1,718.81,381.02,210.12,632.36,-1,-1,-1,-1
217,1,718.81,381.02,210.12,632.36,-1,-1,-1,-1
218,1,718.81,381.02,210.12,632.36,-1,-1,-1,-1
219,1,718.81,381.02,210.12,632.36,-1,-1,-1,-1
220,1,718.81,381.02,210.12,632.36,-1,-1,-1,-1
221,1,718.81,381.02,210.12,632.36,-1,-1,-1,-1
222,1,718.81,381.02,210.12,632.36,-1,-1,-1,-1
223,1,718.81,381.02,210.12,632.36,-1,-1,-1,-1
224,1,718.81,381.02,210.12,632.36,-1,-1,-1,-1
225,1,718.81,381.02,210.12,632.36,-1,-1,-1,-1
226,1,718.81,381.02,210.12,632.36,-1,-1,-1,-1
227,1,718.81,381.02,210.12,632.36,-1,-1,-1,-1
228,1,718.81,381.02,210.12,632.36,-1,-1,-1,-1
229,1,718.81,381.02,210.12,632.36,-1,-1,-1,-1
230,1,718.81,381.02,210.12,632.36,-1,-1,-1,-1
231,1,718.81,381.02,210.12,632.36,-1,-1,-1,-1
232,1,718.81,381.02,210.12,632.36,-1,-1,-1,-1
233,1,718.81,381.02,210.12,632.36,-1,-1,-1,-1
234,1,718.81,381.02,210.12,632.36,-1,-1,-1,-1
235,1,749.54,394.97,195.98,589.95,-1,-1,-1,-1
237,1,749.54,394.97,195.98,589.95,-1,-1,-1,-1
238,1,749.54,394.97,195.98,589.95,-1,-1,-1,-1
239,1,749.54,394.97,195.98,589.95,-1,-1,-1,-1
240,1,749.54,434.36,195.98,589.95,-1,-1,-1,-1
242,1,749.54,434.36,195.98,589.95,-1,-1,-1,-1
243,1,747.43,419,148.29,446.86,-1,-1,-1,-1
244,1,747.43,419,148.29,446.86,-1,-1,-1,-1
245,1,747.43,419,148.29,446.86,-1,-1,-1,-1
246,1,747.43,419,148.29,446.86,-1,-1,-1,-1
247,1,777.28,419,148.29,446.86,-1,-1,-1,-1
248,1,777.28,419,148.29,446.86,-1,-1,-1,-1
249,1,777.28,419,148.29,446.86,-1,-1,-1,-1
250,1,769,417,159,479,-1,-1,-1,-1
251,1,777.28,448.86,148.29,446.86,-1,-1,-1,-1
252,1,777.28,448.86,148.29,446.86,-1,-1,-1,-1
253,1,801,417,159,479,-1,-1,-1,-1
254,1,807.14,448.86,148.29,446.86,-1,-1,-1,-1
255,1,801,417,159,479,-1,-1,-1,-1
256,1,807.14,448.86,148.29,446.86,-1,-1,-1,-1
257,1,807.14,448.86,148.29,446.86,-1,-1,-1,-1
258,1,807.14,448.86,148.29,446.86,-1,-1,-1,-1
259,1,789.83,412.56,170.48,513.45,-1,-1,-1,-1
260,1,801,417,159,479,-1,-1,-1,-1
261,1,789.83,412.56,170.48,513.45,-1,-1,-1,-1
262,1,789.83,412.56,170.48,513.45,-1,-1,-1,-1
263,1,789.83,412.56,170.48,513.45,-1,-1,-1,-1
264,1,809.68,405.34,182.79,550.38,-1,-1,-1,-1
265,1,809.68,405.34,182.79,550.38,-1,-1,-1,-1
266,1,809.68,405.34,182.79,550.38,-1,-1,-1,-1
267,1,809.68,405.34,182.79,550.38,-1,-1,-1,-1
268,1,809.68,405.34,182.79,550.38,-1,-1,-1,-1
269,1,809.68,405.34,182.79,550.38,-1,-1,-1,-1
270,1,789.83,412.56,170.48,513.45,-1,-1,-1,-1
271,1,789.83,412.56,170.48,513.45,-1,-1,-1,-1
272,1,789.83,412.56,170.48,513.45,-1,-1,-1,-1
273,1,809.68,405.34,182.79,550.38,-1,-1,-1,-1
274,1,824.12,412.56,170.48,513.45,-1,-1,-1,-1
275,1,824.12,412.56,170.48,513.45,-1,-1,-1,-1
276,1,824.12,412.56,170.48,513.45,-1,-1,-1,-1
277,1,824.12,412.56,170.48,513.45,-1,-1,-1,-1
278,1,824.12,412.56,170.48,513.45,-1,-1,-1,-1
279,1,824.12,412.56,170.48,513.45,-1,-1,-1,-1
280,1,824.12,412.56,170.48,513.45,-1,-1,-1,-1
281,1,824.12,412.56,170.48,513.45,-1,-1,-1,-1
282,1,824.12,412.56,170.48,513.45,-1,-1,-1,-1
283,1,824.12,412.56,170.48,513.45,-1,-1,-1,-1
284,1,824.12,412.56,170.48,513.45,-1,-1,-1,-1
285,1,824.12,412.56,170.48,513.45,-1,-1,-1,-1
286,1,824.12,412.56,170.48,513.45,-1,-1,-1,-1
287,1,824.12,412.56,170.48,513.45,-1,-1,-1,-1
288,1,824.12,412.56,170.48,513.45,-1,-1,-1,-1
289,1,824.12,412.56,170.48,513.45,-1,-1,-1,-1
290,1,846.44,405.34,182.79,550.38,-1,-1,-1,-1
291,1,846.44,405.34,182.79,550.38,-1,-1,-1,-1
292,1,858.42,412.56,170.48,513.45,-1,-1,-1,-1
293,1,858.42,412.56,170.48,513.45,-1,-1,-1,-1
294,1,858.42,412.56,170.48,513.45,-1,-1,-1,-1
295,1,865,449,159,479,-1,-1,-1,-1
296,1,858.42,412.56,170.48,513.45,-1,-1,-1,-1
297,1,858.42,412.56,170.48,513.45,-1,-1,-1,-1
298,1,858.42,412.56,170.48,513.45,-1,-1,-1,-1
299,1,858.42,412.56,170.48,513.45,-1,-1,-1,-1
300,1,858.42,412.56,170.48,513.45,-1,-1,-1,-1
301,1,892.72,412.56,170.48,513.45,-1,-1,-1,-1
302,1,883.2,405.34,182.79,550.38,-1,-1,-1,-1
303,1,892.72,412.56,170.48,513.45,-1,-1,-1,-1
304,1,883.2,405.34,182.79,550.38,-1,-1,-1,-1
305,1,883.2,405.34,182.79,550.38,-1,-1,-1,-1
306,1,883.2,405.34,182.79,550.38,-1,-1,-1,-1
307,1,883.2,405.34,182.79,550.38,-1,-1,-1,-1
308,1,883.2,405.34,182.79,550.38,-1,-1,-1,-1
309,1,883.2,405.34,182.79,550.38,-1,-1,-1,-1
310,1,883.2,405.34,182.79,550.38,-1,-1,-1,-1
311,1,892.72,412.56,170.48,513.45,-1,-1,-1,-1
312,1,883.2,405.34,182.79,550.38,-1,-1,-1,-1
313,1,892.72,412.56,170.48,513.45,-1,-1,-1,-1
314,1,892.72,412.56,170.48,513.45,-1,-1,-1,-1
316,1,892.72,412.56,170.48,513.45,-1,-1,-1,-1
317,1,892.72,412.56,170.48,513.45,-1,-1,-1,-1
318,1,892.72,412.56,170.48,513.45,-1,-1,-1,-1
319,1,867.73,355.57,195.98,589.95,-1,-1,-1,-1
320,1,867.73,355.57,195.98,589.95,-1,-1,-1,-1
321,1,867.73,355.57,195.98,589.95,-1,-1,-1,-1
322,1,867.73,355.57,195.98,589.95,-1,-1,-1,-1
323,1,858.42,412.56,170.48,513.45,-1,-1,-1,-1
324,1,858.42,412.56,170.48,513.45,-1,-1,-1,-1
325,1,867.73,355.57,195.98,589.95,-1,-1,-1,-1
326,1,867.73,355.57,195.98,589.95,-1,-1,-1,-1
327,1,883.2,405.34,182.79,550.38,-1,-1,-1,-1
328,1,883.2,405.34,182.79,550.38,-1,-1,-1,-1
329,1,892.72,412.56,170.48,513.45,-1,-1,-1,-1
330,1,892.72,412.56,170.48,513.45,-1,-1,-1,-1
331,1,892.72,412.56,170.48,513.45,-1,-1,-1,-1
332,1,892.72,412.56,170.48,513.45,-1,-1,-1,-1
333,1,892.72,412.56,170.48,513.45,-1,-1,-1,-1
334,1,892.72,412.56,170.48,513.45,-1,-1,-1,-1
335,1,892.72,412.56,170.48,513.45,-1,-1,-1,-1
336,1,892.72,412.56,170.48,513.45,-1,-1,-1,-1
337,1,892.72,412.56,170.48,513.45,-1,-1,-1,-1
338,1,892.72,412.56,170.48,513.45,-1,-1,-1,-1
339,1,892.72,412.56,170.48,513.45,-1,-1,-1,-1
340,1,892.72,412.56,170.48,513.45,-1,-1,-1,-1
341,1,892.72,412.56,170.48,513.45,-1,-1,-1,-1
342,1,892.72,412.56,170.48,513.45,-1,-1,-1,-1
343,1,892.72,412.56,170.48,513.45,-1,-1,-1,-1
344,1,892.72,412.56,170.48,513.45,-1,-1,-1,-1
345,1,892.72,412.56,170.48,513.45,-1,-1,-1,-1
346,1,892.72,412.56,170.48,513.45,-1,-1,-1,-1
347,1,892.72,412.56,170.48,513.45,-1,-1,-1,-1
348,1,892.72,412.56,170.48,513.45,-1,-1,-1,-1
349,1,892.72,412.56,170.48,513.45,-1,-1,-1,-1
350,1,892.72,412.56,170.48,513.45,-1,-1,-1,-1
351,1,892.72,412.56,170.48,513.45,-1,-1,-1,-1
352,1,892.72,412.56,170.48,513.45,-1,-1,-1,-1
353,1,883.2,405.34,182.79,550.38,-1,-1,-1,-1
354,1,892.72,412.56,170.48,513.45,-1,-1,-1,-1
355,1,892.72,412.56,170.48,513.45,-1,-1,-1,-1
356,1,892.72,412.56,170.48,513.45,-1,-1,-1,-1
357,1,892.72,412.56,170.48,513.45,-1,-1,-1,-1
358,1,907.12,394.97,195.98,589.95,-1,-1,-1,-1
359,1,907.12,394.97,195.98,589.95,-1,-1,-1,-1
360,1,907.12,394.97,195.98,589.95,-1,-1,-1,-1
361,1,919.96,405.34,182.79,550.38,-1,-1,-1,-1
362,1,919.96,405.34,182.79,550.38,-1,-1,-1,-1
363,1,919.96,405.34,182.79,550.38,-1,-1,-1,-1
364,1,927.01,412.56,170.48,513.45,-1,-1,-1,-1
365,1,927.01,412.56,170.48,513.45,-1,-1,-1,-1
366,1,927.01,412.56,170.48,513.45,-1,-1,-1,-1
367,1,927.01,412.56,170.48,513.45,-1,-1,-1,-1
368,1,927.01,412.56,170.48,513.45,-1,-1,-1,-1
369,1,927.01,412.56,170.48,513.45,-1,-1,-1,-1
370,1,927.01,412.56,170.48,513.45,-1,-1,-1,-1
371,1,927.01,412.56,170.48,513.45,-1,-1,-1,-1
372,1,927.01,412.56,170.48,513.45,-1,-1,-1,-1
373,1,927.01,412.56,170.48,513.45,-1,-1,-1,-1
374,1,927.01,412.56,170.48,513.45,-1,-1,-1,-1
375,1,927.01,412.56,170.48,513.45,-1,-1,-1,-1
376,1,927.01,412.56,170.48,513.45,-1,-1,-1,-1
377,1,961.31,412.56,170.48,513.45,-1,-1,-1,-1
379,1,961.31,412.56,170.48,513.45,-1,-1,-1,-1
380,1,961.31,412.56,170.48,513.45,-1,-1,-1,-1
381,1,946.52,394.97,195.98,589.95,-1,-1,-1,-1
382,1,956.72,405.34,182.79,550.38,-1,-1,-1,-1
383,1,956.72,405.34,182.79,550.38,-1,-1,-1,-1
384,1,956.72,405.34,182.79,550.38,-1,-1,-1,-1
385,1,956.72,405.34,182.79,550.38,-1,-1,-1,-1
386,1,961.31,412.56,170.48,513.45,-1,-1,-1,-1
387,1,961.31,412.56,170.48,513.45,-1,-1,-1,-1
388,1,961.31,412.56,170.48,513.45,-1,-1,-1,-1
389,1,961.31,412.56,170.48,513.45,-1,-1,-1,-1
390,1,961.31,412.56,170.48,513.45,-1,-1,-1,-1
391,1,961.31,412.56,170.48,513.45,-1,-1,-1,-1
392,1,961.31,412.56,170.48,513.45,-1,-1,-1,-1
393,1,961.31,412.56,170.48,513.45,-1,-1,-1,-1
394,1,961.31,412.56,170.48,513.45,-1,-1,-1,-1
395,1,961.31,412.56,170.48,513.45,-1,-1,-1,-1
396,1,961.31,412.56,170.48,513.45,-1,-1,-1,-1
397,1,961.31,412.56,170.48,513.45,-1,-1,-1,-1
398,1,961.31,412.56,170.48,513.45,-1,-1,-1,-1
399,1,961.31,412.56,170.48,513.45,-1,-1,-1,-1
400,1,961.31,412.56,170.48,513.45,-1,-1,-1,-1
401,1,961.31,412.56,170.48,513.45,-1,-1,-1,-1
402,1,961.31,412.56,170.48,513.45,-1,-1,-1,-1
403,1,961.31,412.56,170.48,513.45,-1,-1,-1,-1
404,1,961.31,412.56,170.48,513.45,-1,-1,-1,-1
406,1,961.31,412.56,170.48,513.45,-1,-1,-1,-1
408,1,961.31,412.56,170.48,513.45,-1,-1,-1,-1
409,1,961.31,412.56,170.48,513.45,-1,-1,-1,-1
411,1,961.31,412.56,170.48,513.45,-1,-1,-1,-1
412,1,961.31,412.56,170.48,513.45,-1,-1,-1,-1
413,1,961.31,412.56,170.48,513.45,-1,-1,-1,-1
414,1,961.31,412.56,170.48,513.45,-1,-1,-1,-1
415,1,961,449,159,479,-1,-1,-1,-1
416,1,922.56,243.51,241.51,726.54,-1,-1,-1,-1
417,1,1025.3,394.97,195.98,589.95,-1,-1,-1,-1
418,1,1025.3,394.97,195.98,589.95,-1,-1,-1,-1
419,1,1025.3,394.97,195.98,589.95,-1,-1,-1,-1
420,1,1025.3,394.97,195.98,589.95,-1,-1,-1,-1
421,1,1025.3,394.97,195.98,589.95,-1,-1,-1,-1
422,1,1014.4,381.02,210.12,632.36,-1,-1,-1,-1
423,1,1014.4,381.02,210.12,632.36,-1,-1,-1,-1
424,1,1041.9,363.04,225.27,677.82,-1,-1,-1,-1
425,1,1041.9,363.04,225.27,677.82,-1,-1,-1,-1
426,1,1041.9,363.04,225.27,677.82,-1,-1,-1,-1
427,1,996.61,363.04,225.27,677.82,-1,-1,-1,-1
428,1,996.61,363.04,225.27,677.82,-1,-1,-1,-1
429,1,996.61,363.04,225.27,677.82,-1,-1,-1,-1
430,1,996.61,363.04,225.27,677.82,-1,-1,-1,-1
431,1,996.61,363.04,225.27,677.82,-1,-1,-1,-1
432,1,1014.4,381.02,210.12,632.36,-1,-1,-1,-1
433,1,1025.3,394.97,195.98,589.95,-1,-1,-1,-1
434,1,993.48,405.34,182.79,550.38,-1,-1,-1,-1
435,1,993.48,405.34,182.79,550.38,-1,-1,-1,-1
342,8,23.627,453.55,112.14,338.41,-1,-1,-1,-1
343,8,25.251,437.53,120.26,362.77,-1,-1,-1,-1
344,8,25.251,437.53,120.26,362.77,-1,-1,-1,-1
345,8,25.251,437.53,120.26,362.77,-1,-1,-1,-1
346,8,49.503,437.53,120.26,362.77,-1,-1,-1,-1
347,8,49.503,437.53,120.26,362.77,-1,-1,-1,-1
348,8,52.984,416.87,128.96,388.88,-1,-1,-1,-1
349,8,73.754,437.53,120.26,362.77,-1,-1,-1,-1
350,8,73.754,437.53,120.26,362.77,-1,-1,-1,-1
351,8,73.754,437.53,120.26,362.77,-1,-1,-1,-1
352,8,73.754,437.53,120.26,362.77,-1,-1,-1,-1
353,8,98.006,437.53,120.26,362.77,-1,-1,-1,-1
354,8,98.006,437.53,120.26,362.77,-1,-1,-1,-1
355,8,98.006,437.53,120.26,362.77,-1,-1,-1,-1
356,8,122.26,437.53,120.26,362.77,-1,-1,-1,-1
357,8,130.96,442.87,128.96,388.88,-1,-1,-1,-1
358,8,146.51,437.53,120.26,362.77,-1,-1,-1,-1
359,8,146.51,437.53,120.26,362.77,-1,-1,-1,-1
360,8,169.9,444.35,104.56,315.68,-1,-1,-1,-1
361,8,170.76,413.27,120.26,362.77,-1,-1,-1,-1
362,8,170.76,413.27,120.26,362.77,-1,-1,-1,-1
363,8,182.02,430.92,112.14,338.41,-1,-1,-1,-1
364,8,191.01,444.35,104.56,315.68,-1,-1,-1,-1
365,8,204.65,430.92,112.14,338.41,-1,-1,-1,-1
366,8,204.65,430.92,112.14,338.41,-1,-1,-1,-1
367,8,204.65,430.92,112.14,338.41,-1,-1,-1,-1
368,8,227.27,430.92,112.14,338.41,-1,-1,-1,-1
369,8,227.27,430.92,112.14,338.41,-1,-1,-1,-1
370,8,227.27,430.92,112.14,338.41,-1,-1,-1,-1
371,8,219.26,413.27,120.26,362.77,-1,-1,-1,-1
373,8,254.35,444.35,104.56,315.68,-1,-1,-1,-1
374,8,275.46,444.35,104.56,315.68,-1,-1,-1,-1
375,8,275.46,444.35,104.56,315.68,-1,-1,-1,-1
376,8,272.53,430.92,112.14,338.41,-1,-1,-1,-1
377,8,295.16,430.92,112.14,338.41,-1,-1,-1,-1
378,8,296.57,423.24,104.56,315.68,-1,-1,-1,-1
379,8,317.68,423.24,104.56,315.68,-1,-1,-1,-1
380,8,317.78,430.92,112.14,338.41,-1,-1,-1,-1
381,8,317.68,444.35,104.56,315.68,-1,-1,-1,-1
382,8,335.87,434.36,97.492,294.47,-1,-1,-1,-1
383,8,335.87,434.36,97.492,294.47,-1,-1,-1,-1
384,8,338.79,423.24,104.56,315.68,-1,-1,-1,-1
385,8,355.57,434.36,97.492,294.47,-1,-1,-1,-1
386,8,359.91,423.24,104.56,315.68,-1,-1,-1,-1
387,8,359.91,444.35,104.56,315.68,-1,-1,-1,-1
388,8,363.04,430.92,112.14,338.41,-1,-1,-1,-1
389,8,386.96,442.1,90.896,274.69,-1,-1,-1,-1
390,8,386.96,442.1,90.896,274.69,-1,-1,-1,-1
392,8,405.34,442.1,90.896,274.69,-1,-1,-1,-1
393,8,412.56,446.86,84.742,256.23,-1,-1,-1,-1
394,8,434.36,434.36,97.492,294.47,-1,-1,-1,-1
395,8,434.36,434.36,97.492,294.47,-1,-1,-1,-1
396,8,442.1,442.1,90.896,274.69,-1,-1,-1,-1
397,8,444.35,423.24,104.56,315.68,-1,-1,-1,-1
398,8,454.06,434.36,97.492,294.47,-1,-1,-1,-1
399,8,454.06,434.36,97.492,294.47,-1,-1,-1,-1
400,8,454.06,434.36,97.492,294.47,-1,-1,-1,-1
401,8,465.47,423.24,104.56,315.68,-1,-1,-1,-1
402,8,465.47,423.24,104.56,315.68,-1,-1,-1,-1
403,8,473.76,434.36,97.492,294.47,-1,-1,-1,-1
404,8,473.76,434.36,97.492,294.47,-1,-1,-1,-1
405,8,486.58,423.24,104.56,315.68,-1,-1,-1,-1
406,8,493.46,434.36,97.492,294.47,-1,-1,-1,-1
407,8,498.3,446.86,84.742,256.23,-1,-1,-1,-1
408,8,513.16,434.36,97.492,294.47,-1,-1,-1,-1
409,8,513.16,434.36,97.492,294.47,-1,-1,-1,-1
410,8,534,442.1,90.896,274.69,-1,-1,-1,-1
411,8,532.85,434.36,97.492,294.47,-1,-1,-1,-1
412,8,552.38,442.1,90.896,274.69,-1,-1,-1,-1
413,8,552.55,434.36,97.492,294.47,-1,-1,-1,-1
414,8,570.75,442.1,90.896,274.69,-1,-1,-1,-1
415,8,570.75,442.1,90.896,274.69,-1,-1,-1,-1
416,8,570.75,442.1,90.896,274.69,-1,-1,-1,-1
417,8,572.25,434.36,97.492,294.47,-1,-1,-1,-1
418,8,571.03,423.24,104.56,315.68,-1,-1,-1,-1
419,8,591.95,434.36,97.492,294.47,-1,-1,-1,-1
420,8,589.13,442.1,90.896,274.69,-1,-1,-1,-1
421,8,607.51,442.1,90.896,274.69,-1,-1,-1,-1
422,8,607.51,442.1,90.896,274.69,-1,-1,-1,-1
423,8,607.51,423.72,90.896,274.69,-1,-1,-1,-1
424,8,611.65,434.36,97.492,294.47,-1,-1,-1,-1
425,8,618.34,429.71,84.742,256.23,-1,-1,-1,-1
426,8,625.89,442.1,90.896,274.69,-1,-1,-1,-1
427,8,642.93,448.86,73.643,222.93,-1,-1,-1,-1
428,8,644.27,442.1,90.896,274.69,-1,-1,-1,-1
429,8,651.04,434.36,97.492,294.47,-1,-1,-1,-1
430,8,662.65,442.1,90.896,274.69,-1,-1,-1,-1
431,8,669.79,446.86,84.742,256.23,-1,-1,-1,-1
433,8,669.79,446.86,84.742,256.23,-1,-1,-1,-1
434,8,686.94,446.86,84.742,256.23,-1,-1,-1,-1
435,8,681.03,423.72,90.896,274.69,-1,-1,-1,-1
436,8,686.94,446.86,84.742,256.23,-1,-1,-1,-1
437,8,699.41,423.72,90.896,274.69,-1,-1,-1,-1
438,8,690.44,414.66,97.492,294.47,-1,-1,-1,-1
439,8,704.08,446.86,84.742,256.23,-1,-1,-1,-1
440,8,699.41,423.72,90.896,274.69,-1,-1,-1,-1
441,8,704.08,446.86,84.742,256.23,-1,-1,-1,-1
442,8,710.14,414.66,97.492,294.47,-1,-1,-1,-1
443,8,717.79,423.72,90.896,274.69,-1,-1,-1,-1
444,8,710.14,414.66,97.492,294.47,-1,-1,-1,-1
